Iteration	CPUTime	PhysTime	Travels	Value	AvValue	MinValue	MaxValue	Delta	Criteria	Progress	dGMaxMin	CriteriaType	CriteriaVarType	CriteriaPercentage
1	9	0	0.0218577417	25.1846545	25.1846545	25.1846545	25.1846545	0	0	0	0	0	0	3
2	15	0	0.0437154833	5.77122303	15.4779388	5.77122303	25.1846545	9.70671573	0	0	0	0	0	3
3	21	0	0.065573225	2.69766026	11.2178459	2.69766026	25.1846545	13.9668086	0	0	0	0	0	3
4	27	0	0.0874309667	1.96116008	8.90367447	1.96116008	25.1846545	16.28098	0	0	0	0	0	3
5	33	0	0.109288708	1.83379732	7.48969904	1.83379732	25.1846545	17.6949555	0	0	0	0	0	3
6	39	0	0.13114645	1.73163736	6.53002209	1.73163736	25.1846545	18.6546324	0	0	0	0	0	3
7	45	0	0.153004192	1.6397832	5.83141653	1.6397832	25.1846545	19.353238	0	0	0	0	0	3
8	51	0	0.174861933	1.51887043	5.29234827	1.51887043	25.1846545	19.8923062	0	0	0	0	0	3
9	57	0	0.196719675	1.37152542	4.85670129	1.37152542	25.1846545	20.3279532	0	0	0	0	0	3
10	62	0	0.218577417	1.27528905	4.49856006	1.27528905	25.1846545	20.6860944	0	0	0	0	0	3
11	68	0	0.240435158	1.25154436	4.20337682	1.25154436	25.1846545	20.9812777	0	0	0	0	0	3
12	74	0	0.2622929	1.21568382	3.9544024	1.21568382	25.1846545	21.2302521	0	0	0	0	0	3
13	80	0	0.284150642	1.19428199	3.74208545	1.19428199	25.1846545	21.442569	0	0	0	0	0	3
14	86	0	0.306008383	1.21291309	3.56143028	1.19428199	25.1846545	21.6232242	0	0	0	0	0	3
15	92	0	0.327866125	1.21336087	3.40489232	1.19428199	25.1846545	21.7797622	0	0	0	0	0	3
16	97	0	0.349723867	1.21092407	3.2677693	1.19428199	25.1846545	21.9168852	0	0	0	0	0	3
17	103	0	0.371581608	1.20809468	3.14661197	1.19428199	25.1846545	22.0380425	0	0	0	0	0	3
18	109	0	0.39343935	1.19528084	3.03820469	1.19428199	25.1846545	22.1464498	0	0	0	0	0	3
19	115	0	0.415297092	1.1841576	2.94062326	1.1841576	25.1846545	22.2440312	0	0	0	0	0	3
20	121	0	0.437154833	1.16931794	2.85205799	1.16931794	25.1846545	22.3325965	0	0	0	0	0	3
21	127	0	0.459012575	1.14332527	2.77068977	1.14332527	25.1846545	22.4139647	0	0	0	0	0	3
22	133	0	0.480870317	1.10698694	2.69506691	1.10698694	25.1846545	22.4895876	0	0	0	0	0	3
23	139	0	0.502728058	1.07349715	2.62456388	1.07349715	25.1846545	22.5600906	0	0	0	0	0	3
24	145	0	0.5245858	1.03806511	1.57471217	1.03806511	5.77122303	4.73315792	0	0	0	0	0	3
25	151	0	0.546443542	0.996642177	1.3671217	0.996642177	2.69766026	1.70101809	0	0	0	0	0	3
26	157	0	0.568301283	0.949646829	1.29112111	0.949646829	1.96116008	1.01151326	0	0	0	0	0	3
27	162	0	0.590159025	0.894862245	1.24476034	0.894862245	1.83379732	0.938935074	0	0	0	0	0	3
28	169	0	0.612016767	0.835190484	1.20134265	0.835190484	1.73163736	0.896446873	0	0	0	0	0	3
29	174	0	0.633874508	0.780422477	1.15998548	0.780422477	1.6397832	0.859360718	0	0	0	0	0	3
30	180	0	0.65573225	0.733658254	1.12058874	0.733658254	1.51887043	0.78521218	0	0	0	0	0	3
31	186	0	0.677589992	0.700455758	1.0850055	0.700455758	1.37152542	0.671069659	0	0	0	0	0	3
32	192	0	0.699447733	0.675131599	1.0547275	0.675131599	1.27528905	0.600157452	0	0	0	0	0	3
33	212	0	0.721305475	0.663590869	1.02813193	0.663590869	1.25154436	0.587953488	0	0	0	0	0	3
34	218	0	0.743163217	0.662833384	1.0025358	0.662833384	1.21568382	0.552850434	0	0	0	0	0	3
35	224	0	0.765020959	0.668307334	0.978736825	0.662833384	1.21336087	0.550527491	0	0	0	0	0	3
36	230	0	0.7868787	0.673116797	0.956077468	0.662833384	1.21336087	0.550527491	0	0	0	0	0	3
37	236	0	0.808736442	0.670258406	0.932483786	0.662833384	1.21336087	0.550527491	0	0	0	0	0	3
38	241	0	0.830594184	0.654849427	0.90820068	0.654849427	1.21092407	0.556074638	0	0	0	0	0	3
39	247	0	0.852451925	0.637550644	0.883271401	0.637550644	1.20809468	0.570544034	0	0	0	0	0	3
40	253	0	0.874309667	0.626147012	0.857969328	0.626147012	1.19528084	0.569133823	0	0	0	0	0	3
41	260	0	0.896167409	0.622452542	0.83306375	0.622452542	1.1841576	0.561705057	0	0	0	0	0	3
42	266	0	0.91802515	0.621419768	0.808596888	0.621419768	1.16931794	0.547898167	0	0	0	0	0	3
43	273	0	0.939882892	0.622887298	0.784839034	0.621419768	1.14332527	0.521905505	0	0	0	0	0	3
44	279	0	0.961740634	0.623493196	0.76223764	0.621419768	1.10698694	0.485567176	0	0	0	0	0	3
45	285	0	0.983598375	0.624747706	0.741270716	0.621419768	1.07349715	0.452077386	0	0	0	0	0	3
46	292	0	1.00545612	0.623465566	0.721704125	0.621419768	1.03806511	0.416645341	0.137779319	33	0	0	0	3
47	299	0	1.02731386	0.622242545	0.703624883	0.621419768	0.996642177	0.375222409	0.137779319	36.7	0	0	0	3
48	305	0	1.0491716	0.619250087	0.687216532	0.619250087	0.949646829	0.330396742	0.137851309	41.7	0	0	0	3
49	311	0	1.07102934	0.616580045	0.672735367	0.616580045	0.894862245	0.2782822	0.137779319	49.5	0	0	0	3
50	317	0	1.09288708	0.614052067	0.660526229	0.614052067	0.835190484	0.221138418	0.137779319	62.3	0	0	0	3
51	323	0	1.11474483	0.612802229	0.650857174	0.612802229	0.780422477	0.167620249	0.137779319	82.1	0	0	0	3
52	328	0	1.13660257	0.611290506	0.64350361	0.611290506	0.733658254	0.122367748	0.137779319	100	0	0	0	3
53	334	0	1.15846031	0.610683704	0.638156891	0.610683704	0.700455758	0.0897720547	0.137779319	100	0	0	0	3
54	341	0	1.18031805	0.60981936	0.634216178	0.60981936	0.675131599	0.0653122388	0.137779319	100	0	0	0	3
55	347	0	1.20217579	0.610065116	0.6313872	0.60981936	0.673116797	0.0632974368	0.137779319	100	0	0	0	3
56	353	0	1.22403353	0.609536402	0.629037006	0.609536402	0.673116797	0.0635803948	0.137779319	100	0	0	0	3
57	359	0	1.24589128	0.609369813	0.626712503	0.609369813	0.673116797	0.0637469841	0.137779319	100	0	0	0	3
58	364	0	1.26774902	0.607555941	0.624071138	0.607555941	0.673116797	0.0655608566	0.137779319	100	0	0	0	3
59	371	0	1.28960676	0.607052232	0.621198766	0.607052232	0.670258406	0.0632061739	0.137779319	100	0	0	0	3
60	377	0	1.3114645	0.606190363	0.618413199	0.606190363	0.654849427	0.0486590637	0.137779319	100	0	0	0	3
61	382	0	1.33332224	0.606659156	0.61631797	0.606190363	0.637550644	0.0313602803	0.137779319	100	0	0	0	3
62	388	0	1.35517998	0.605555317	0.614926868	0.605555317	0.626147012	0.0205916952	0.137779319	100	0	0	0	3
63	395	0	1.37703773	0.605902452	0.61404667	0.605555317	0.624747706	0.0191923887	0.137779319	100	0	0	0	3
64	401	0	1.39889547	0.605291607	0.613300543	0.605291607	0.624747706	0.0194560981	0.137779319	100	0	0	0	3
