Iteration	CPUTime	PhysTime	Travels	Value	AvValue	MinValue	MaxValue	Delta	Criteria	Progress	dGMaxMin	CriteriaType	CriteriaVarType	CriteriaPercentage
1	9	0	0.0218577417	102.642774	102.642774	102.642774	102.642774	0	0	0	0	0	0	3
2	15	0	0.0437154833	23.5212416	63.082008	23.5212416	102.642774	39.5607664	0	0	0	0	0	3
3	21	0	0.065573225	10.9946052	45.7195404	10.9946052	102.642774	56.923234	0	0	0	0	0	3
4	27	0	0.0874309667	7.99291934	36.2878851	7.99291934	102.642774	66.3548892	0	0	0	0	0	3
5	33	0	0.109288708	7.47383866	30.5250758	7.47383866	102.642774	72.1176985	0	0	0	0	0	3
6	39	0	0.13114645	7.05747473	26.613809	7.05747473	102.642774	76.0289654	0	0	0	0	0	3
7	45	0	0.153004192	6.68311319	23.7665667	6.68311319	102.642774	78.8762076	0	0	0	0	0	3
8	51	0	0.174861933	6.19032019	21.5695359	6.19032019	102.642774	81.0732384	0	0	0	0	0	3
9	57	0	0.196719675	5.58979969	19.7940097	5.58979969	102.642774	82.8487647	0	0	0	0	0	3
10	62	0	0.218577417	5.19757801	18.3343665	5.19757801	102.642774	84.3084078	0	0	0	0	0	3
11	68	0	0.240435158	5.10080395	17.1313154	5.10080395	102.642774	85.511459	0	0	0	0	0	3
12	74	0	0.2622929	4.95465046	16.1165933	4.95465046	102.642774	86.5261811	0	0	0	0	0	3
13	80	0	0.284150642	4.867425	15.2512726	4.867425	102.642774	87.3915017	0	0	0	0	0	3
14	86	0	0.306008383	4.94335807	14.514993	4.867425	102.642774	88.1277813	0	0	0	0	0	3
15	92	0	0.327866125	4.94518305	13.8770057	4.867425	102.642774	88.7657686	0	0	0	0	0	3
16	97	0	0.349723867	4.93525157	13.3181461	4.867425	102.642774	89.3246283	0	0	0	0	0	3
17	103	0	0.371581608	4.9237201	12.8243563	4.867425	102.642774	89.818418	0	0	0	0	0	3
18	109	0	0.39343935	4.8714959	12.3825307	4.867425	102.642774	90.2602436	0	0	0	0	0	3
19	115	0	0.415297092	4.82616195	11.9848271	4.82616195	102.642774	90.6579472	0	0	0	0	0	3
20	121	0	0.437154833	4.7656813	11.6238698	4.7656813	102.642774	91.0189045	0	0	0	0	0	3
21	127	0	0.459012575	4.65974541	11.2922448	4.65974541	102.642774	91.3505295	0	0	0	0	0	3
22	133	0	0.480870317	4.51164463	10.9840357	4.51164463	102.642774	91.6587386	0	0	0	0	0	3
23	139	0	0.502728058	4.37515338	10.696693	4.37515338	102.642774	91.9460813	0	0	0	0	0	3
24	145	0	0.5245858	4.23074626	6.4179092	4.23074626	23.5212416	19.2904954	0	0	0	0	0	3
25	151	0	0.546443542	4.06192263	5.57185186	4.06192263	10.9946052	6.93268258	0	0	0	0	0	3
26	157	0	0.568301283	3.87038803	5.26210328	3.87038803	7.99291934	4.12253132	0	0	0	0	0	3
27	162	0	0.590159025	3.64710755	5.07315494	3.64710755	7.47383866	3.82673111	0	0	0	0	0	3
28	169	0	0.612016767	3.40390885	4.89620147	3.40390885	7.05747473	3.65356587	0	0	0	0	0	3
29	174	0	0.633874508	3.18069594	4.72764587	3.18069594	6.68311319	3.50241725	0	0	0	0	0	3
30	180	0	0.65573225	2.99010331	4.56708023	2.99010331	6.19032019	3.20021689	0	0	0	0	0	3
31	186	0	0.677589992	2.85478295	4.42205687	2.85478295	5.58979969	2.73501674	0	0	0	0	0	3
32	192	0	0.699447733	2.75157161	4.29865565	2.75157161	5.19757801	2.44600639	0	0	0	0	0	3
33	212	0	0.721305475	2.70453612	4.19026252	2.70453612	5.10080395	2.39626782	0	0	0	0	0	3
34	218	0	0.743163217	2.70144891	4.08594274	2.70144891	4.95465046	2.25320154	0	0	0	0	0	3
35	224	0	0.765020959	2.72375858	3.98894744	2.70144891	4.94518305	2.24373414	0	0	0	0	0	3
36	230	0	0.7868787	2.74336007	3.89659679	2.70144891	4.94518305	2.24373414	0	0	0	0	0	3
37	236	0	0.808736442	2.73171039	3.8004382	2.70144891	4.94518305	2.24373414	0	0	0	0	0	3
38	241	0	0.830594184	2.66890943	3.70146978	2.66890943	4.93525157	2.26634213	0	0	0	0	0	3
39	247	0	0.852451925	2.59840638	3.59986781	2.59840638	4.9237201	2.32531372	0	0	0	0	0	3
40	253	0	0.874309667	2.55192965	3.49674649	2.55192965	4.8714959	2.31956625	0	0	0	0	0	3
41	260	0	0.896167409	2.53687244	3.39524112	2.53687244	4.82616195	2.28928951	0	0	0	0	0	3
42	266	0	0.91802515	2.53266326	3.29552379	2.53266326	4.7656813	2.23301804	0	0	0	0	0	3
43	273	0	0.939882892	2.53864433	3.19869609	2.53266326	4.65974541	2.12708215	0	0	0	0	0	3
44	279	0	0.961740634	2.54111373	3.10658167	2.53266326	4.51164463	1.97898137	0	0	0	0	0	3
45	285	0	0.983598375	2.54622662	3.02112871	2.53266326	4.37515338	1.84249012	0	0	0	0	0	3
46	292	0	1.00545612	2.54100113	2.94138296	2.53266326	4.23074626	1.698083	0.561534468	33	0	0	0	3
47	299	0	1.02731386	2.53601657	2.86769907	2.53266326	4.06192263	1.52925938	0.561534468	36.7	0	0	0	3
48	305	0	1.0491716	2.52382049	2.80082506	2.52382049	3.87038803	1.34656754	0.561827871	41.7	0	0	0	3
49	311	0	1.07102934	2.51293844	2.74180551	2.51293844	3.64710755	1.13416911	0.561534468	49.5	0	0	0	3
50	317	0	1.09288708	2.50263539	2.69204585	2.50263539	3.40390885	0.90127346	0.561534468	62.3	0	0	0	3
51	323	0	1.11474483	2.49754154	2.65263858	2.49754154	3.18069594	0.683154394	0.561534468	82.1	0	0	0	3
52	328	0	1.13660257	2.49138036	2.62266834	2.49138036	2.99010331	0.49872295	0.561534468	100	0	0	0	3
53	334	0	1.15846031	2.48890727	2.6008772	2.48890727	2.85478295	0.365875687	0.561534468	100	0	0	0	3
54	341	0	1.18031805	2.48538454	2.5848164	2.48538454	2.75157161	0.26618707	0.561534468	100	0	0	0	3
55	347	0	1.20217579	2.48638615	2.5732866	2.48538454	2.74336007	0.257975528	0.561534468	100	0	0	0	3
56	353	0	1.22403353	2.48423132	2.56370813	2.48423132	2.74336007	0.259128753	0.561534468	100	0	0	0	3
57	359	0	1.24589128	2.48355237	2.55423437	2.48355237	2.74336007	0.259807706	0.561534468	100	0	0	0	3
58	364	0	1.26774902	2.47615973	2.5434692	2.47615973	2.74336007	0.267200339	0.561534468	100	0	0	0	3
59	371	0	1.28960676	2.47410682	2.53176254	2.47410682	2.73171039	0.257603576	0.561534468	100	0	0	0	3
60	377	0	1.3114645	2.47059418	2.52040966	2.47059418	2.66890943	0.19831526	0.561534468	100	0	0	0	3
61	382	0	1.33332224	2.47250479	2.51187033	2.47059418	2.59840638	0.127812203	0.561534468	100	0	0	0	3
62	388	0	1.35517998	2.46800597	2.50620074	2.46800597	2.55192965	0.0839236736	0.561534468	100	0	0	0	3
63	395	0	1.37703773	2.46942076	2.5026134	2.46800597	2.54622662	0.0782206491	0.561534468	100	0	0	0	3
64	401	0	1.39889547	2.4669312	2.49957248	2.4669312	2.54622662	0.0792954253	0.561534468	100	0	0	0	3
