Iteration	CPUTime	PhysTime	Travels	Value	AvValue	MinValue	MaxValue	Delta	Criteria	Progress	dGMaxMin	CriteriaType	CriteriaVarType	CriteriaPercentage
1	9	0	0.0218577417	4.53747905	4.53747905	4.53747905	4.53747905	0	0	0	0	0	0	3
2	15	0	0.0437154833	4.31002307	4.42375106	4.31002307	4.53747905	0.113727992	0	0	0	0	0	3
3	21	0	0.065573225	4.12921636	4.32557283	4.12921636	4.53747905	0.211906226	0	0	0	0	0	3
4	27	0	0.0874309667	4.01884357	4.24889051	4.01884357	4.53747905	0.28858854	0	0	0	0	0	3
5	33	0	0.109288708	3.92512296	4.184137	3.92512296	4.53747905	0.353342049	0	0	0	0	0	3
6	39	0	0.13114645	3.85147093	4.12869266	3.85147093	4.53747905	0.408786394	0	0	0	0	0	3
7	45	0	0.153004192	3.77989057	4.07886379	3.77989057	4.53747905	0.458615263	0	0	0	0	0	3
8	51	0	0.174861933	3.82026723	4.04653922	3.77989057	4.53747905	0.490939833	0	0	0	0	0	3
9	57	0	0.196719675	3.81362572	4.02065994	3.77989057	4.53747905	0.516819111	0	0	0	0	0	3
10	62	0	0.218577417	3.78780463	3.99737441	3.77989057	4.53747905	0.540104642	0	0	0	0	0	3
11	68	0	0.240435158	3.70678543	3.97095723	3.70678543	4.53747905	0.566521822	0	0	0	0	0	3
12	74	0	0.2622929	3.68992951	3.94753825	3.68992951	4.53747905	0.589940798	0	0	0	0	0	3
13	80	0	0.284150642	3.69970901	3.92847447	3.68992951	4.53747905	0.609004586	0	0	0	0	0	3
14	86	0	0.306008383	3.7086027	3.91276934	3.68992951	4.53747905	0.624709712	0	0	0	0	0	3
15	92	0	0.327866125	3.70898476	3.8991837	3.68992951	4.53747905	0.638295351	0	0	0	0	0	3
16	97	0	0.349723867	3.71495219	3.88766923	3.68992951	4.53747905	0.64980982	0	0	0	0	0	3
17	103	0	0.371581608	3.75388788	3.87979974	3.68992951	4.53747905	0.657679311	0	0	0	0	0	3
18	109	0	0.39343935	3.75245389	3.87272497	3.68992951	4.53747905	0.664754081	0	0	0	0	0	3
19	115	0	0.415297092	3.76838817	3.86723356	3.68992951	4.53747905	0.670245492	0	0	0	0	0	3
20	121	0	0.437154833	3.76876964	3.86231036	3.68992951	4.53747905	0.675168688	0	0	0	0	0	3
21	127	0	0.459012575	3.76980258	3.85790523	3.68992951	4.53747905	0.679573821	0	0	0	0	0	3
22	133	0	0.480870317	3.74854595	3.85293435	3.68992951	4.53747905	0.684544697	0	0	0	0	0	3
23	139	0	0.502728058	3.74550605	3.84826356	3.68992951	4.53747905	0.689215493	0	0	0	0	0	3
24	145	0	0.5245858	3.73208688	3.81324651	3.68992951	4.31002307	0.610504552	0	0	0	0	0	3
25	151	0	0.546443542	3.72638015	3.78787073	3.68992951	4.12921636	0.439286844	0	0	0	0	0	3
26	157	0	0.568301283	3.70227954	3.76930826	3.68992951	4.01884357	0.328914058	0	0	0	0	0	3
27	162	0	0.590159025	3.69887629	3.75539664	3.68992951	3.92512296	0.23519345	0	0	0	0	0	3
28	169	0	0.612016767	3.68993958	3.74517127	3.68992951	3.85147093	0.161541421	0	0	0	0	0	3
29	174	0	0.633874508	3.68213021	3.73780863	3.68213021	3.82026723	0.13813702	0	0	0	0	0	3
30	180	0	0.65573225	3.67804419	3.73338053	3.67804419	3.82026723	0.142223041	0	0	0	0	0	3
31	186	0	0.677589992	3.6734858	3.72699873	3.6734858	3.81362572	0.140139918	0	0	0	0	0	3
32	192	0	0.699447733	3.66998441	3.72075345	3.66998441	3.78780463	0.117820222	0	0	0	0	0	3
33	212	0	0.721305475	3.66802713	3.71554574	3.66802713	3.76980258	0.101775454	0	0	0	0	0	3
34	218	0	0.743163217	3.66339044	3.713659	3.66339044	3.76980258	0.106412139	0	0	0	0	0	3
35	224	0	0.765020959	3.65888897	3.71230941	3.65888897	3.76980258	0.110913613	0	0	0	0	0	3
36	230	0	0.7868787	3.653586	3.71030406	3.653586	3.76980258	0.116216578	0	0	0	0	0	3
37	236	0	0.808736442	3.65446728	3.70795035	3.653586	3.76980258	0.116216578	0	0	0	0	0	3
38	241	0	0.830594184	3.6485874	3.70532437	3.6485874	3.76980258	0.121215177	0	0	0	0	0	3
39	247	0	0.852451925	3.64774657	3.70240239	3.64774657	3.76980258	0.122056011	0	0	0	0	0	3
40	253	0	0.874309667	3.64575496	3.69770096	3.64575496	3.76980258	0.124047622	0	0	0	0	0	3
41	260	0	0.896167409	3.64766456	3.6931449	3.64575496	3.76980258	0.124047622	0	0	0	0	0	3
42	266	0	0.91802515	3.64077457	3.68759648	3.64077457	3.76980258	0.129028013	0	0	0	0	0	3
43	273	0	0.939882892	3.65087836	3.68247078	3.64077457	3.76980258	0.129028013	0	0	0	0	0	3
44	279	0	0.961740634	3.6463115	3.6771016	3.64077457	3.74854595	0.107771384	0	0	0	0	0	3
45	285	0	0.983598375	3.65328088	3.67295964	3.64077457	3.74550605	0.104731483	0	0	0	0	0	3
46	292	0	1.00545612	3.64804876	3.66872237	3.64077457	3.73208688	0.0913123085	0.0324129972	35.4	0	0	0	3
47	299	0	1.02731386	3.64434605	3.66490755	3.64077457	3.72638015	0.0856055794	0.0324129972	37.8	0	0	0	3
48	305	0	1.0491716	3.64625536	3.66142386	3.64077457	3.70227954	0.0615049764	0.0324129972	52.6	0	0	0	3
49	311	0	1.07102934	3.64915814	3.65911423	3.64077457	3.69887629	0.0581017206	0.0324129972	55.7	0	0	0	3
50	317	0	1.09288708	3.64625084	3.65682617	3.64077457	3.68993958	0.0491650117	0.0324129972	65.9	0	0	0	3
51	323	0	1.11474483	3.64762461	3.65498639	3.64077457	3.68213021	0.0413556425	0.0324129972	78.3	0	0	0	3
52	328	0	1.13660257	3.64525584	3.65338316	3.64077457	3.67804419	0.0372696212	0.0324129972	86.9	0	0	0	3
53	334	0	1.15846031	3.64502046	3.65194734	3.64077457	3.6734858	0.0327112331	0.0324129972	99	0	0	0	3
54	341	0	1.18031805	3.64444564	3.65068473	3.64077457	3.66998441	0.0292098414	0.0324129972	100	0	0	0	3
55	347	0	1.20217579	3.65028979	3.64982844	3.64077457	3.66802713	0.0272525583	0.0324129972	100	0	0	0	3
56	353	0	1.22403353	3.64782512	3.64895009	3.64077457	3.66339044	0.022615874	0.0324129972	100	0	0	0	3
57	359	0	1.24589128	3.65044148	3.64838709	3.64077457	3.65888897	0.0181143993	0.0324129972	100	0	0	0	3
58	364	0	1.26774902	3.6432422	3.6477068	3.64077457	3.65446728	0.013692713	0.0324129972	100	0	0	0	3
59	371	0	1.28960676	3.64587114	3.64737137	3.64077457	3.65446728	0.013692713	0.0324129972	100	0	0	0	3
60	377	0	1.3114645	3.64385108	3.6469098	3.64077457	3.65328088	0.012506318	0.0324129972	100	0	0	0	3
61	382	0	1.33332224	3.64369752	3.64669719	3.64077457	3.65328088	0.012506318	0.0324129972	100	0	0	0	3
62	388	0	1.35517998	3.64333714	3.64650548	3.64077457	3.65328088	0.012506318	0.0324129972	100	0	0	0	3
63	395	0	1.37703773	3.64733941	3.64657437	3.64077457	3.65328088	0.012506318	0.0324129972	100	0	0	0	3
64	401	0	1.39889547	3.63684851	3.64610411	3.63684851	3.65328088	0.01643237	0.0324129972	100	0	0	0	3
