Iteration	CPUTime	PhysTime	Travels	Value	AvValue	MinValue	MaxValue	Delta	Criteria	Progress	dGMaxMin	CriteriaType	CriteriaVarType	CriteriaPercentage
1	1	0	0.025	73.4798869	73.4798869	73.4798869	73.4798869	0	0	0	0	0	0	3
2	1	0	0.05	22.6785042	48.0791955	22.6785042	73.4798869	25.4006914	0	0	0	0	0	3
3	2	0	0.075	12.6569193	36.2717701	12.6569193	73.4798869	37.2081168	0	0	0	0	0	3
4	2	0	0.1	8.76092699	29.3940593	8.76092699	73.4798869	44.0858275	0	0	0	0	0	3
5	2	0	0.125	8.06729856	25.1287072	8.06729856	73.4798869	48.3511797	0	0	0	0	0	3
6	3	0	0.15	7.26879628	22.1520554	7.26879628	73.4798869	51.3278315	0	0	0	0	0	3
7	3	0	0.175	6.88617624	19.9712155	6.88617624	73.4798869	53.5086714	0	0	0	0	0	3
8	4	0	0.2	6.32977662	18.2660356	6.32977662	73.4798869	55.2138513	0	0	0	0	0	3
9	4	0	0.225	5.84732665	16.8861791	5.84732665	73.4798869	56.5937078	0	0	0	0	0	3
10	4	0	0.25	5.590433	15.7566045	5.590433	73.4798869	57.7232824	0	0	0	0	0	3
11	5	0	0.275	5.40180378	14.815259	5.40180378	73.4798869	58.6646279	0	0	0	0	0	3
12	5	0	0.3	5.24709744	14.0179122	5.24709744	73.4798869	59.4619747	0	0	0	0	0	3
13	5	0	0.325	5.07659202	13.3301183	5.07659202	73.4798869	60.1497686	0	0	0	0	0	3
14	6	0	0.35	4.99770848	12.7349462	4.99770848	73.4798869	60.7449407	0	0	0	0	0	3
15	6	0	0.375	4.86143249	12.2100453	4.86143249	73.4798869	61.2698416	0	0	0	0	0	3
16	7	0	0.4	4.75263463	11.7439571	4.75263463	73.4798869	61.7359298	0	0	0	0	0	3
17	7	0	0.425	4.60208766	11.3238471	4.60208766	73.4798869	62.1560398	0	0	0	0	0	3
18	7	0	0.45	4.50328476	10.944927	4.50328476	73.4798869	62.5349599	0	0	0	0	0	3
19	8	0	0.475	4.39074647	10.5999701	4.39074647	73.4798869	62.8799168	0	0	0	0	0	3
20	8	0	0.5	4.3094619	10.2854447	4.3094619	73.4798869	63.1944422	0	0	0	0	0	3
21	9	0	0.525	4.24455987	6.82367837	4.24455987	22.6785042	18.4339443	0	0	0	0	0	3
22	9	0	0.55	4.18846431	5.89917637	4.18846431	12.6569193	8.46845497	0	0	0	0	0	3
23	10	0	0.575	4.13870817	5.47326582	4.13870817	8.76092699	4.62221882	0	0	0	0	0	3
24	10	0	0.6	4.1029215	5.24036554	4.1029215	8.06729856	3.96437707	0	0	0	0	0	3
25	11	0	0.625	4.08017076	5.04100915	4.08017076	7.26879628	3.18862552	0	0	0	0	0	3
26	11	0	0.65	4.07100157	4.88111942	4.07100157	6.88617624	2.81517467	0	0	0	0	0	3
27	11	0	0.675	4.04521434	4.73907132	4.04521434	6.32977662	2.28456229	0	0	0	0	0	3
28	12	0	0.7	4.02160914	4.62366295	4.02160914	5.84732665	1.8257175	0	0	0	0	0	3
29	12	0	0.725	3.98722284	4.53065776	3.98722284	5.590433	1.60321016	0	0	0	0	0	3
30	13	0	0.75	3.95371754	4.44882198	3.95371754	5.40180378	1.44808624	0	0	0	0	0	3
31	13	0	0.775	3.93092876	4.37527823	3.93092876	5.24709744	1.31616868	0	0	0	0	0	3
32	14	0	0.8	3.90244707	4.30804571	3.90244707	5.07659202	1.17414495	0	0	0	0	0	3
33	14	0	0.825	3.87917897	4.24817506	3.87917897	4.99770848	1.11852951	0	0	0	0	0	3
34	14	0	0.85	3.8515637	4.19086782	3.8515637	4.86143249	1.00986879	0	0	0	0	0	3
35	15	0	0.875	3.82984568	4.13928848	3.82984568	4.75263463	0.92278895	0	0	0	0	0	3
36	15	0	0.9	3.80757534	4.09203552	3.80757534	4.60208766	0.794512315	0	0	0	0	0	3
37	16	0	0.925	3.78590487	4.05122638	3.78590487	4.50328476	0.717379889	0	0	0	0	0	3
38	16	0	0.95	3.75966358	4.01404532	3.75966358	4.39074647	0.631082891	0	0	0	0	0	3
39	17	0	0.975	3.73843965	3.98142998	3.73843965	4.3094619	0.571022246	0	0	0	0	0	3
40	17	0	1	3.71088658	3.95150121	3.71088658	4.24455987	0.533673291	1.34190491	100	0	0	0	3
41	17	0	1.025	3.70109226	3.92432783	3.70109226	4.18846431	0.487372057	1.34337405	100	0	0	0	3
42	18	0	1.05	3.68552143	3.89918069	3.68552143	4.13870817	0.453186734	1.34454187	100	0	0	0	3
43	18	0	1.075	3.6772872	3.87610964	3.6772872	4.1029215	0.425634295	1.34190491	100	0	0	0	3
44	19	0	1.1	3.66418184	3.86601784	3.66418184	4.1029215	0.43873966	1.34190491	100	0	0	0	3
45	19	0	1.125	3.6590376	3.84488051	3.6590376	4.08017076	0.421133166	1.34190491	100	0	0	0	3
46	20	0	1.15	3.65263665	3.82452174	3.65263665	4.07100157	0.418364924	1.34190491	100	0	0	0	3
47	20	0	1.175	3.64992121	3.8044703	3.64992121	4.04521434	0.395293128	1.34190491	100	0	0	0	3
48	20	0	1.2	3.64522805	3.78542333	3.64522805	4.02160914	0.376381092	1.34190491	100	0	0	0	3
49	21	0	1.225	3.6451962	3.76749891	3.6451962	3.98722284	0.342026642	1.34190491	100	0	0	0	3
50	21	0	1.25	3.64488829	3.75119726	3.64488829	3.95371754	0.308829255	1.34190491	100	0	0	0	3
51	22	0	1.275	3.64398322	3.73644801	3.64398322	3.93092876	0.286945541	1.34190491	100	0	0	0	3
52	22	0	1.3	3.64307255	3.72274057	3.64307255	3.90244707	0.259374526	1.34190491	100	0	0	0	3
53	23	0	1.325	3.64165042	3.71032168	3.64165042	3.87917897	0.237528546	1.34190491	100	0	0	0	3
54	23	0	1.35	3.64070145	3.69896561	3.64070145	3.8515637	0.210862248	1.34190491	100	0	0	0	3
