Iteration	CPUTime	PhysTime	Travels	Value	AvValue	MinValue	MaxValue	Delta	Criteria	Progress	dGMaxMin	CriteriaType	CriteriaVarType	CriteriaPercentage
1	11	0	0.025	101325.307	101325.307	101325.307	101325.307	0	0	0	132.952	0	0	3
2	15	0	0.05	101324.974	101325.141	101324.974	101325.307	0.166607808	0	0	99.4962	0	0	3
3	18	0	0.075	101325.028	101325.103	101324.974	101325.307	0.204355076	0	0	95.2348	0	0	3
4	22	0	0.1	101325.014	101325.081	101324.974	101325.307	0.226509434	0	0	97.6521	0	0	3
5	26	0	0.125	101325.01	101325.067	101324.974	101325.307	0.240706784	0	0	90.821	0	0	3
6	29	0	0.15	101324.999	101325.055	101324.974	101325.307	0.252074599	0	0	78.9023	0	0	3
7	33	0	0.175	101325.001	101325.048	101324.974	101325.307	0.259889956	0	0	64.7889	0	0	3
8	37	0	0.2	101324.992	101325.041	101324.974	101325.307	0.266794465	0	0	48.046	0	0	3
9	41	0	0.225	101324.993	101325.035	101324.974	101325.307	0.272127983	0	0	28.7708	0	0	3
10	45	0	0.25	101324.982	101325.03	101324.974	101325.307	0.277425636	0	0	15.9078	0	0	3
11	50	0	0.275	101324.984	101325.026	101324.974	101325.307	0.281636054	0	0	11.2495	0	0	3
12	54	0	0.3	101324.974	101325.022	101324.974	101325.307	0.285940971	0	0	10.5048	0	0	3
13	58	0	0.325	101324.972	101325.018	101324.972	101325.307	0.289751878	0	0	10.3556	0	0	3
14	61	0	0.35	101324.966	101325.014	101324.966	101325.307	0.293445707	0	0	10.8706	0	0	3
15	67	0	0.375	101324.964	101325.011	101324.964	101325.307	0.296751994	0	0	11.3252	0	0	3
16	71	0	0.4	101324.963	101325.008	101324.963	101325.307	0.299717448	0	0	10.4997	0	0	3
17	76	0	0.425	101324.964	101325.005	101324.963	101325.307	0.302310427	0	0	9.31876	0	0	3
18	80	0	0.45	101324.963	101325.003	101324.963	101325.307	0.30465127	0	0	8.90716	0	0	3
19	84	0	0.475	101324.965	101325.001	101324.963	101325.307	0.306624884	0	0	8.8323	0	0	3
20	88	0	0.5	101324.965	101324.999	101324.963	101325.307	0.308426602	0	0	8.78349	0	0	3
21	92	0	0.525	101324.968	101324.982	101324.963	101325.028	0.0645959935	0	0	8.64466	0	0	3
22	97	0	0.55	101324.971	101324.982	101324.963	101325.028	0.0645959935	0	0	8.62212	0	0	3
23	100	0	0.575	101324.974	101324.979	101324.963	101325.014	0.051473096	0	0	8.57659	0	0	3
24	104	0	0.6	101324.978	101324.977	101324.963	101325.01	0.0469494207	0	0	8.60803	0	0	3
25	109	0	0.625	101324.984	101324.976	101324.963	101325.001	0.0376635063	0	0	8.51911	0	0	3
26	113	0	0.65	101324.989	101324.976	101324.963	101325.001	0.0376635063	0	0	8.5479	0	0	3
27	117	0	0.675	101324.998	101324.976	101324.963	101324.998	0.0351241169	0	0	8.47897	0	0	3
28	122	0	0.7	101325.008	101324.976	101324.963	101325.008	0.044796414	0	0	8.50791	0	0	3
29	125	0	0.725	101325.018	101324.978	101324.963	101325.018	0.0545380155	0	0	8.45189	0	0	3
30	129	0	0.75	101325.03	101324.98	101324.963	101325.03	0.0503275969	0	0	8.47469	0	0	3
31	133	0	0.775	101325.04	101324.983	101324.963	101325.04	0.0460226808	0	0	8.42822	0	0	3
32	137	0	0.8	101325.052	101324.987	101324.963	101325.052	0.0422117738	0	0	8.43154	0	0	3
33	141	0	0.825	101325.064	101324.991	101324.963	101325.064	0.0385179439	0	0	8.39142	0	0	3
34	145	0	0.85	101325.076	101324.997	101324.963	101325.076	0.0352116574	0	0	8.39168	0	0	3
35	149	0	0.875	101325.085	101325.003	101324.963	101325.085	0.032246203	0	0	8.35499	0	0	3
36	153	0	0.9	101325.091	101325.009	101324.963	101325.091	0.0335877521	0	0	8.34397	0	0	3
37	156	0	0.925	101325.095	101325.016	101324.963	101325.095	0.0401312074	0	0	8.32533	0	0	3
38	160	0	0.95	101325.096	101325.022	101324.965	101325.096	0.046791427	0	0	8.34363	0	0	3
39	164	0	0.975	101325.097	101325.029	101324.965	101325.097	0.053359115	0	0	8.30981	0	0	3
40	168	0	1	101325.096	101325.035	101324.968	101325.097	0.0599140578	0.0200474144	33.4	8.33296	0	0	3
41	172	0	1.025	101325.095	101325.042	101324.971	101325.097	0.0662866453	0.0200474144	30.2	8.30835	0	0	3
42	176	0	1.05	101325.094	101325.048	101324.974	101325.097	0.072471365	0.0200474144	27.6	8.32639	0	0	3
43	180	0	1.075	101325.094	101325.054	101324.978	101325.097	0.0784455362	0.0200474144	25.5	8.3223	0	0	3
44	184	0	1.1	101325.094	101325.056	101324.978	101325.097	0.0803393785	0.0200474144	24.9	8.29651	0	0	3
45	187	0	1.125	101325.094	101325.061	101324.984	101325.097	0.0858541992	0.0200474144	23.3	8.31856	0	0	3
46	192	0	1.15	101325.095	101325.067	101324.989	101325.097	0.0911400647	0.0200474144	21.9	8.30762	0	0	3
47	196	0	1.175	101325.095	101325.072	101324.998	101325.097	0.0961920094	0.0200474144	20.8	8.31981	0	0	3
48	200	0	1.2	101325.096	101325.076	101325.008	101325.097	0.0888530151	0.0200474144	22.5	8.32247	0	0	3
49	204	0	1.225	101325.097	101325.081	101325.018	101325.097	0.0786709546	0.0200499258	25.4	8.28775	0	0	3
50	207	0	1.25	101325.097	101325.084	101325.03	101325.097	0.0674611213	0.0200581166	29.7	8.31819	0	0	3
51	211	0	1.275	101325.098	101325.088	101325.04	101325.098	0.0576897807	0.0200693328	34.7	8.30125	0	0	3
52	215	0	1.3	101325.098	101325.09	101325.052	101325.098	0.0461328379	0.0200812546	43.5	8.32246	0	0	3
53	219	0	1.325	101325.098	101325.093	101325.064	101325.098	0.034108886	0.020094308	58.9	8.30787	0	0	3
54	223	0	1.35	101325.098	101325.094	101325.076	101325.098	0.0225409204	0.0201062645	89.1	8.33249	0	0	3
55	227	0	1.375	101325.098	101325.095	101325.085	101325.098	0.0128843456	0.0201174493	100	8.30598	0	0	3
56	234	0	1.4	101325.098	101325.096	101325.091	101325.098	0.00750131308	0.0201272361	100	8.33189	0	0	3
57	237	0	1.425	101325.098	101325.096	101325.094	101325.098	0.00458419246	0.020136949	100	8.32315	0	0	3
58	240	0	1.45	101325.098	101325.096	101325.094	101325.098	0.00458419246	0.0201455827	100	8.3321	0	0	3
59	243	0	1.475	101325.098	101325.097	101325.094	101325.098	0.00466131636	0.0201398136	100	8.28993	0	0	3
60	245	0	1.5	101325.098	101325.097	101325.094	101325.098	0.00468284427	0.0201347829	100	8.31432	0	0	3
61	246	0	1.525	101325.099	101325.097	101325.094	101325.099	0.00479340398	0.0201093386	100	8.30521	0	0	3
62	247	0	1.55	101325.098	101325.097	101325.094	101325.099	0.00479340398	0.0200669967	100	8.32654	0	0	3
63	249	0	1.575	101325.098	101325.097	101325.094	101325.099	0.00479340398	0.0200474144	100	8.30984	0	0	3
64	250	0	1.6	101325.098	101325.097	101325.094	101325.099	0.00479340398	0.0200474144	100	8.33435	0	0	3
65	253	0	1.625	101325.098	101325.097	101325.094	101325.099	0.00442403859	0.0200474144	100	8.3106	0	0	3
66	255	0	1.65	101325.098	101325.098	101325.095	101325.099	0.00391103965	0.0200474144	100	8.34181	0	0	3
67	257	0	1.675	101325.098	101325.098	101325.095	101325.099	0.00308098867	0.0200474144	100	8.32096	0	0	3
68	260	0	1.7	101325.097	101325.098	101325.096	101325.099	0.00235098756	0.0200474144	100	8.34345	0	0	3
69	264	0	1.725	101325.097	101325.098	101325.097	101325.099	0.00169146783	0.0200474144	100	8.3234	0	0	3
70	265	0	1.75	101325.097	101325.098	101325.097	101325.099	0.00141800626	0.0200474144	100	8.34797	0	0	3
71	267	0	1.775	101325.097	101325.098	101325.097	101325.099	0.00150691014	0.0200474144	100	8.33277	0	0	3
72	268	0	1.8	101325.097	101325.098	101325.097	101325.099	0.00162913682	0.0200474144	100	8.35337	0	0	3
73	270	0	1.825	101325.097	101325.098	101325.097	101325.099	0.00163897561	0.0200474144	100	8.34534	0	0	3
74	274	0	1.85	101325.097	101325.098	101325.097	101325.099	0.00179196808	0.0200474144	100	8.35222	0	0	3
75	277	0	1.875	101325.097	101325.098	101325.097	101325.099	0.00179196808	0.0200474144	100	8.3055	0	0	3
76	280	0	1.9	101325.097	101325.098	101325.097	101325.099	0.00190479548	0.0200474144	100	8.33021	0	0	3
77	284	0	1.925	101325.097	101325.098	101325.097	101325.099	0.00170794783	0.0200474144	100	8.32108	0	0	3
78	285	0	1.95	101325.096	101325.097	101325.096	101325.099	0.00152876509	0.0200474144	100	8.34289	0	0	3
79	287	0	1.975	101325.096	101325.097	101325.096	101325.099	0.00142614111	0.0200474144	100	8.3252	0	0	3
80	289	0	2	101325.096	101325.097	101325.096	101325.099	0.00134368429	0.0200474144	100	8.35053	0	0	3
81	292	0	2.025	101325.096	101325.097	101325.096	101325.099	0.00121957158	0.0200474144	100	8.32619	0	0	3
82	294	0	2.05	101325.096	101325.097	101325.096	101325.098	0.00106966437	0.0200474144	100	8.35579	0	0	3
83	297	0	2.075	101325.096	101325.097	101325.096	101325.098	0.00107859126	0.0200474144	100	8.34488	0	0	3
84	298	0	2.1	101325.095	101325.097	101325.095	101325.098	0.00122700421	0.0200474144	100	8.37133	0	0	3
85	298	0	2.125	101325.095	101325.097	101325.095	101325.098	0.00136857327	0.0200474144	100	8.3406	0	0	3
86	299	0	2.15	101325.095	101325.096	101325.095	101325.098	0.00151555271	0.0200474144	100	8.36801	0	0	3
87	300	0	2.175	101325.095	101325.096	101325.095	101325.098	0.00165462068	0.0200474144	100	8.3421	0	0	3
88	302	0	2.2	101325.095	101325.096	101325.095	101325.097	0.00179455915	0.0200474144	100	8.36282	0	0	3
89	305	0	2.225	101325.094	101325.096	101325.094	101325.097	0.00192896492	0.0200474144	100	8.33759	0	0	3
90	306	0	2.25	101325.094	101325.096	101325.094	101325.097	0.002077418	0.0200474144	100	8.34519	0	0	3
91	308	0	2.275	101325.094	101325.096	101325.094	101325.097	0.00221331701	0.0200474144	100	8.32494	0	0	3
92	312	0	2.3	101325.094	101325.096	101325.094	101325.097	0.00233783461	0.0200474144	100	8.34861	0	0	3
93	314	0	2.325	101325.094	101325.095	101325.094	101325.097	0.00245157798	0.0200474144	100	8.3253	0	0	3
94	317	0	2.35	101325.093	101325.095	101325.093	101325.097	0.00256199318	0.0200474144	100	8.34696	0	0	3
95	319	0	2.375	101325.093	101325.095	101325.093	101325.097	0.00266645323	0.0200474144	100	8.33671	0	0	3
96	322	0	2.4	101325.093	101325.095	101325.093	101325.097	0.00277799863	0.0200474144	100	8.35887	0	0	3
97	322	0	2.425	101325.093	101325.095	101325.093	101325.097	0.0028868627	0.0200474144	100	8.32503	0	0	3
98	323	0	2.45	101325.092	101325.095	101325.092	101325.096	0.00299203827	0.0200474144	100	8.33701	0	0	3
99	326	0	2.475	101325.092	101325.094	101325.092	101325.096	0.00308032651	0.0200474144	100	8.35139	0	0	3
100	328	0	2.5	101325.092	101325.094	101325.092	101325.096	0.00315531864	0.0200474144	100	8.33674	0	0	3
101	331	0	2.525	101325.092	101325.094	101325.092	101325.096	0.00321318849	0.0200474144	100	8.34756	0	0	3
102	333	0	2.55	101325.092	101325.094	101325.092	101325.096	0.00326271681	0.0200474144	100	8.34638	0	0	3
103	334	0	2.575	101325.092	101325.094	101325.092	101325.096	0.00330603657	0.0200474144	100	8.30806	0	0	3
104	336	0	2.6	101325.091	101325.093	101325.091	101325.095	0.00334921411	0.0200474144	100	8.33792	0	0	3
105	339	0	2.625	101325.091	101325.093	101325.091	101325.095	0.00338779234	0.0200474144	100	8.31862	0	0	3
106	341	0	2.65	101325.091	101325.093	101325.091	101325.095	0.00342458332	0.0200474144	100	8.33981	0	0	3
107	342	0	2.675	101325.091	101325.093	101325.091	101325.095	0.00345445906	0.0200474144	100	8.33013	0	0	3
108	344	0	2.7	101325.091	101325.093	101325.091	101325.095	0.00349337846	0.0200474144	100	8.35236	0	0	3
109	345	0	2.725	101325.091	101325.092	101325.091	101325.094	0.0035425464	0.0200474144	100	8.32695	0	0	3
110	347	0	2.75	101325.09	101325.092	101325.09	101325.094	0.00360069626	0.0200474144	100	8.35532	0	0	3
111	349	0	2.775	101325.09	101325.092	101325.09	101325.094	0.00364872091	0.0200474144	100	8.33677	0	0	3
112	352	0	2.8	101325.09	101325.092	101325.09	101325.094	0.00368756722	0.0200474144	100	8.34448	0	0	3
113	352	0	2.825	101325.09	101325.092	101325.09	101325.094	0.003715274	0.0200474144	100	8.32416	0	0	3
114	354	0	2.85	101325.09	101325.092	101325.09	101325.093	0.00364955087	0.0200474144	100	8.35016	0	0	3
115	357	0	2.875	101325.09	101325.091	101325.09	101325.093	0.0036043986	0.0200474144	100	8.32668	0	0	3
116	358	0	2.9	101325.089	101325.091	101325.089	101325.093	0.00338228817	0.0200474144	100	8.34946	0	0	3
117	360	0	2.925	101325.089	101325.091	101325.089	101325.093	0.00328362471	0.0200474144	100	8.33963	0	0	3
118	363	0	2.95	101325.089	101325.091	101325.089	101325.092	0.00349106999	0.0200474144	100	8.35911	0	0	3
119	364	0	2.975	101325.089	101325.091	101325.089	101325.092	0.00367940718	0.0200474144	100	8.33775	0	0	3
120	367	0	3	101325.088	101325.09	101325.088	101325.092	0.00368163409	0.0200474144	100	8.34688	0	0	3
121	368	0	3.025	101325.088	101325.09	101325.088	101325.092	0.00368308369	0.0200474144	100	8.32652	0	0	3
122	370	0	3.05	101325.088	101325.09	101325.088	101325.092	0.00368522738	0.0200474144	100	8.35149	0	0	3
123	372	0	3.075	101325.088	101325.09	101325.088	101325.092	0.00368387734	0.0200474144	100	8.32661	0	0	3
124	373	0	3.1	101325.088	101325.09	101325.088	101325.091	0.00368820394	0.0200474144	100	8.34778	0	0	3
125	374	0	3.125	101325.087	101325.089	101325.087	101325.091	0.00370262144	0.0200474144	100	8.33505	0	0	3
126	375	0	3.15	101325.087	101325.089	101325.087	101325.091	0.00372216153	0.0200474144	100	8.35661	0	0	3
127	378	0	3.175	101325.087	101325.089	101325.087	101325.091	0.00375281496	0.0200474144	100	8.32913	0	0	3
128	380	0	3.2	101325.087	101325.089	101325.087	101325.091	0.00378446221	0.0200474144	100	8.35224	0	0	3
129	381	0	3.225	101325.087	101325.089	101325.087	101325.091	0.00379817479	0.0200474144	100	8.33975	0	0	3
130	383	0	3.25	101325.087	101325.088	101325.087	101325.09	0.00344736219	0.0200474144	100	8.36287	0	0	3
131	386	0	3.275	101325.086	101325.088	101325.086	101325.09	0.00363519527	0.0200474144	100	8.32892	0	0	3
132	388	0	3.3	101325.086	101325.088	101325.086	101325.09	0.00376231955	0.0200474144	100	8.34003	0	0	3
133	390	0	3.325	101325.086	101325.088	101325.086	101325.09	0.00376996932	0.0200474144	100	8.35282	0	0	3
134	390	0	3.35	101325.085	101325.088	101325.085	101325.09	0.00378867509	0.0200474144	100	8.3385	0	0	3
135	392	0	3.375	101325.085	101325.088	101325.085	101325.09	0.00382530973	0.0200474144	100	8.3496	0	0	3
136	394	0	3.4	101325.085	101325.087	101325.085	101325.089	0.00387152086	0.0200474144	100	8.3493	0	0	3
137	397	0	3.425	101325.085	101325.087	101325.085	101325.089	0.00393736016	0.0200474144	100	8.31361	0	0	3
138	399	0	3.45	101325.084	101325.087	101325.084	101325.089	0.00399449922	0.0200474144	100	8.34675	0	0	3
139	400	0	3.475	101325.084	101325.087	101325.084	101325.089	0.00403725472	0.0200474144	100	8.32602	0	0	3
140	402	0	3.5	101325.084	101325.086	101325.084	101325.088	0.00407355938	0.0200474144	100	8.34929	0	0	3
141	405	0	3.525	101325.084	101325.086	101325.084	101325.088	0.00410762064	0.0200474144	100	8.33761	0	0	3
142	407	0	3.55	101325.083	101325.086	101325.083	101325.088	0.00414721182	0.0200474144	100	8.35905	0	0	3
143	409	0	3.575	101325.083	101325.086	101325.083	101325.088	0.00420171765	0.0200474144	100	8.32388	0	0	3
144	410	0	3.6	101325.083	101325.085	101325.083	101325.088	0.00425686246	0.0200474144	100	8.33527	0	0	3
145	412	0	3.625	101325.083	101325.085	101325.083	101325.087	0.00430539245	0.0200474144	100	8.34857	0	0	3
146	413	0	3.65	101325.082	101325.085	101325.082	101325.087	0.00435889266	0.0200474144	100	8.33514	0	0	3
147	415	0	3.675	101325.082	101325.085	101325.082	101325.087	0.00441726782	0.0200474144	100	8.34466	0	0	3
148	417	0	3.7	101325.081	101325.084	101325.081	101325.087	0.00448455114	0.0200474144	100	8.34591	0	0	3
149	419	0	3.725	101325.081	101325.084	101325.081	101325.087	0.00456853355	0.0200474144	100	8.30724	0	0	3
150	421	0	3.75	101325.081	101325.084	101325.081	101325.087	0.00468270549	0.0200474144	100	8.33903	0	0	3
151	422	0	3.775	101325.08	101325.083	101325.08	101325.086	0.00481898054	0.0200474144	100	8.32099	0	0	3
152	424	0	3.8	101325.08	101325.083	101325.08	101325.086	0.00495294435	0.0200474144	100	8.34386	0	0	3
153	426	0	3.825	101325.079	101325.083	101325.079	101325.086	0.00508379692	0.0200474144	100	8.33701	0	0	3
154	427	0	3.85	101325.079	101325.082	101325.079	101325.085	0.00521900201	0.0200474144	100	8.36132	0	0	3
155	428	0	3.875	101325.078	101325.082	101325.078	101325.085	0.00533996122	0.0200474144	100	8.33576	0	0	3
156	430	0	3.9	101325.078	101325.082	101325.078	101325.085	0.00545453737	0.0200474144	100	8.36348	0	0	3
157	432	0	3.925	101325.078	101325.081	101325.078	101325.085	0.00556330958	0.0200474144	100	8.3564	0	0	3
158	433	0	3.95	101325.077	101325.081	101325.077	101325.084	0.00567087914	0.0200474144	100	8.36261	0	0	3
159	433	0	3.975	101325.077	101325.081	101325.077	101325.084	0.0057900589	0.0200474144	100	8.341	0	0	3
160	433	0	4	101325.077	101325.08	101325.077	101325.084	0.00591023779	0.0200474144	100	8.36738	0	0	3
