Iteration	CPUTime	PhysTime	Travels	Value	AvValue	MinValue	MaxValue	Delta	Criteria	Progress	dGMaxMin	CriteriaType	CriteriaVarType	CriteriaPercentage
1	11	0	0.025	293.200053	293.200053	293.200053	293.200053	0	0	0	0.00790427	0	0	3
2	15	0	0.05	293.20006	293.200056	293.200053	293.20006	3.22551472e-006	0	0	0.00671934	0	0	3
3	18	0	0.075	293.200065	293.200059	293.200053	293.200065	6.02059441e-006	0	0	0.00594849	0	0	3
4	22	0	0.1	293.200068	293.200061	293.200053	293.200068	8.25997921e-006	0	0	0.00584354	0	0	3
5	26	0	0.125	293.200072	293.200064	293.200053	293.200072	1.03297937e-005	0	0	0.00573493	0	0	3
6	29	0	0.15	293.200078	293.200066	293.200053	293.200078	1.26817893e-005	0	0	0.00584117	0	0	3
7	33	0	0.175	293.200084	293.200069	293.200053	293.200084	1.5316232e-005	0	0	0.00550031	0	0	3
8	37	0	0.2	293.20009	293.200071	293.200053	293.20009	1.80512641e-005	0	0	0.00573465	0	0	3
9	41	0	0.225	293.200096	293.200074	293.200053	293.200096	2.08494448e-005	0	0	0.00549237	0	0	3
10	45	0	0.25	293.200102	293.200077	293.200053	293.200102	2.36144921e-005	0	0	0.00558106	0	0	3
11	50	0	0.275	293.20011	293.20008	293.200053	293.20011	2.66480415e-005	0	0	0.00569968	0	0	3
12	54	0	0.3	293.200118	293.200083	293.200053	293.200118	2.9802238e-005	0	0	0.00573498	0	0	3
13	58	0	0.325	293.200125	293.200086	293.200053	293.200125	3.30508207e-005	0	0	0.00583002	0	0	3
14	61	0	0.35	293.200132	293.20009	293.200053	293.200132	3.63408249e-005	0	0	0.00585846	0	0	3
15	67	0	0.375	293.200139	293.200093	293.200053	293.200139	3.96495845e-005	0	0	0.00587632	0	0	3
16	71	0	0.4	293.200148	293.200096	293.200053	293.200148	4.31259469e-005	0	0	0.00584625	0	0	3
17	76	0	0.425	293.200157	293.2001	293.200053	293.200157	4.67132064e-005	0	0	0.00583063	0	0	3
18	80	0	0.45	293.200165	293.200104	293.200053	293.200165	5.0342677e-005	0	0	0.00580921	0	0	3
19	84	0	0.475	293.200172	293.200107	293.200053	293.200172	5.39357838e-005	0	0	0.00578478	0	0	3
20	88	0	0.5	293.200178	293.200111	293.200053	293.200178	5.74652727e-005	0	0	0.00575606	0	0	3
21	92	0	0.525	293.200184	293.200117	293.20006	293.200184	6.07903775e-005	0	0	0.00573134	0	0	3
22	97	0	0.55	293.200191	293.200124	293.200065	293.200191	6.4547399e-005	0	0	0.00570122	0	0	3
23	100	0	0.575	293.200197	293.20013	293.200068	293.200197	6.89368715e-005	0	0	0.00567066	0	0	3
24	104	0	0.6	293.200203	293.200137	293.200072	293.200203	7.36196048e-005	0	0	0.0056392	0	0	3
25	109	0	0.625	293.200209	293.200144	293.200078	293.200209	7.81105866e-005	0	0	0.00562178	0	0	3
26	113	0	0.65	293.200215	293.200151	293.200084	293.200215	8.23197722e-005	0	0	0.00559042	0	0	3
27	117	0	0.675	293.20022	293.200158	293.20009	293.20022	8.63493556e-005	0	0	0.0055675	0	0	3
28	122	0	0.7	293.200223	293.200164	293.200096	293.200223	9.01697339e-005	0	0	0.00552628	0	0	3
29	125	0	0.725	293.200227	293.200171	293.200102	293.200227	9.39199574e-005	0	0	0.00551363	0	0	3
30	129	0	0.75	293.200229	293.200177	293.20011	293.200229	9.72592943e-005	0	0	0.00548319	0	0	3
31	133	0	0.775	293.200228	293.200183	293.200118	293.200229	0.000100002727	0	0	0.0054867	0	0	3
32	137	0	0.8	293.20023	293.200189	293.200125	293.20023	0.000102380358	0	0	0.00545972	0	0	3
33	141	0	0.825	293.200233	293.200194	293.200132	293.200233	0.000101101237	0	0	0.00545765	0	0	3
34	145	0	0.85	293.200238	293.200199	293.200139	293.200238	9.85285758e-005	0	0	0.00543954	0	0	3
35	149	0	0.875	293.200243	293.200205	293.200148	293.200243	9.49984072e-005	0	0	0.00543858	0	0	3
36	153	0	0.9	293.20025	293.20021	293.200157	293.20025	9.28467713e-005	0	0	0.00542165	0	0	3
37	156	0	0.925	293.200257	293.200215	293.200165	293.200257	9.20465372e-005	0	0	0.0054261	0	0	3
38	160	0	0.95	293.200264	293.20022	293.200172	293.200264	9.24896296e-005	0	0	0.0054046	0	0	3
39	164	0	0.975	293.200269	293.200224	293.200178	293.200269	9.10911516e-005	0	0	0.00541775	0	0	3
40	168	0	1	293.200271	293.200229	293.200184	293.200271	8.67170006e-005	3.09177955e-005	35.6	0.00539963	0	0	3
41	172	0	1.025	293.200271	293.200233	293.200191	293.200271	8.05973432e-005	3.09719466e-005	38.4	0.00541626	0	0	3
42	176	0	1.05	293.20027	293.200237	293.200197	293.200271	7.39024993e-005	3.09719466e-005	41.9	0.00539847	0	0	3
43	180	0	1.075	293.200267	293.200241	293.200203	293.200271	6.80613078e-005	3.09177955e-005	45.4	0.0054179	0	0	3
44	184	0	1.1	293.200264	293.200242	293.200203	293.200271	6.80613078e-005	3.09177955e-005	45.4	0.00541628	0	0	3
45	187	0	1.125	293.200262	293.200245	293.200209	293.200271	6.26218002e-005	3.09177955e-005	49.3	0.0054168	0	0	3
46	192	0	1.15	293.200262	293.200247	293.200215	293.200271	5.67760644e-005	3.09177955e-005	54.4	0.00541767	0	0	3
47	196	0	1.175	293.200262	293.20025	293.20022	293.200271	5.16751967e-005	3.09177955e-005	59.8	0.00542054	0	0	3
48	200	0	1.2	293.200263	293.200252	293.200223	293.200271	4.85227314e-005	3.09177955e-005	63.7	0.00541712	0	0	3
49	204	0	1.225	293.200265	293.200254	293.200227	293.200271	4.45500885e-005	3.09177955e-005	69.4	0.00543317	0	0	3
50	207	0	1.25	293.200266	293.200256	293.200228	293.200271	4.3154267e-005	3.09177955e-005	71.6	0.00540461	0	0	3
51	211	0	1.275	293.200266	293.200257	293.200228	293.200271	4.3154267e-005	3.09177955e-005	71.6	0.00542757	0	0	3
52	215	0	1.3	293.200267	293.200259	293.20023	293.200271	4.10677233e-005	3.09177955e-005	75.2	0.0053998	0	0	3
53	219	0	1.325	293.200267	293.200261	293.200233	293.200271	3.78782815e-005	3.09177955e-005	81.6	0.00541578	0	0	3
54	223	0	1.35	293.200268	293.200263	293.200238	293.200271	3.35896034e-005	3.09177955e-005	92	0.00539059	0	0	3
55	227	0	1.375	293.200268	293.200264	293.200243	293.200271	2.7820608e-005	3.09177955e-005	100	0.00541109	0	0	3
56	234	0	1.4	293.200268	293.200265	293.20025	293.200271	2.11342681e-005	3.09177955e-005	100	0.00538559	0	0	3
57	237	0	1.425	293.200267	293.200266	293.200257	293.200271	1.40001835e-005	3.09177955e-005	100	0.00540349	0	0	3
58	240	0	1.45	293.200267	293.200266	293.200262	293.200271	9.75327043e-006	3.09177955e-005	100	0.00539438	0	0	3
59	243	0	1.475	293.200267	293.200267	293.200262	293.200271	9.75327043e-006	3.09177955e-005	100	0.00541735	0	0	3
60	245	0	1.5	293.200267	293.200266	293.200262	293.200271	9.75327043e-006	3.09177955e-005	100	0.00538959	0	0	3
61	246	0	1.525	293.200267	293.200266	293.200262	293.200271	9.75327043e-006	3.09177955e-005	100	0.00541473	0	0	3
62	247	0	1.55	293.200268	293.200266	293.200262	293.20027	8.29789354e-006	3.09177955e-005	100	0.00539903	0	0	3
63	249	0	1.575	293.200268	293.200266	293.200262	293.200268	6.40083596e-006	3.09177955e-005	100	0.00542368	0	0	3
64	250	0	1.6	293.200268	293.200266	293.200262	293.200268	6.72886102e-006	3.09177955e-005	100	0.00540181	0	0	3
65	253	0	1.625	293.200268	293.200266	293.200262	293.200268	6.90715211e-006	3.09177955e-005	100	0.00542391	0	0	3
66	255	0	1.65	293.200268	293.200267	293.200262	293.200268	6.90715211e-006	3.09177955e-005	100	0.00539427	0	0	3
67	257	0	1.675	293.200268	293.200267	293.200262	293.200268	6.68453015e-006	3.09177955e-005	100	0.00542049	0	0	3
68	260	0	1.7	293.200268	293.200267	293.200263	293.200268	5.09341913e-006	3.09177955e-005	100	0.00538959	0	0	3
69	264	0	1.725	293.200268	293.200267	293.200265	293.200268	3.29478308e-006	3.09177955e-005	100	0.00540965	0	0	3
70	265	0	1.75	293.200268	293.200268	293.200266	293.200268	2.29368294e-006	3.09177955e-005	100	0.00538308	0	0	3
71	267	0	1.775	293.200268	293.200268	293.200266	293.200268	2.04039799e-006	3.09177955e-005	100	0.00540404	0	0	3
72	268	0	1.8	293.200268	293.200268	293.200267	293.200268	1.67800226e-006	3.09177955e-005	100	0.00538424	0	0	3
73	270	0	1.825	293.200268	293.200268	293.200267	293.200268	1.67800226e-006	3.09177955e-005	100	0.00540668	0	0	3
74	274	0	1.85	293.200268	293.200268	293.200267	293.200268	1.67800226e-006	3.09177955e-005	100	0.0053986	0	0	3
75	277	0	1.875	293.200268	293.200268	293.200267	293.200268	1.67800226e-006	3.09177955e-005	100	0.0054239	0	0	3
76	280	0	1.9	293.200268	293.200268	293.200267	293.200268	1.67800226e-006	3.09177955e-005	100	0.00539502	0	0	3
77	284	0	1.925	293.200268	293.200268	293.200267	293.200268	1.67800226e-006	3.09177955e-005	100	0.00542126	0	0	3
78	285	0	1.95	293.200268	293.200268	293.200267	293.200268	1.67800226e-006	3.09177955e-005	100	0.00540403	0	0	3
79	287	0	1.975	293.200268	293.200268	293.200267	293.200268	1.67800226e-006	3.09177955e-005	100	0.00543036	0	0	3
80	289	0	2	293.200268	293.200268	293.200267	293.200268	1.49341992e-006	3.09177955e-005	100	0.00540668	0	0	3
81	292	0	2.025	293.200268	293.200268	293.200267	293.200268	1.44447711e-006	3.09177955e-005	100	0.00543097	0	0	3
82	294	0	2.05	293.200268	293.200268	293.200268	293.200268	9.35181731e-007	3.09177955e-005	100	0.00539755	0	0	3
83	297	0	2.075	293.200268	293.200268	293.200268	293.200268	9.35181731e-007	3.09177955e-005	100	0.00542043	0	0	3
84	298	0	2.1	293.200269	293.200268	293.200268	293.200269	1.09438832e-006	3.09177955e-005	100	0.00539625	0	0	3
85	298	0	2.125	293.200269	293.200268	293.200268	293.200269	1.35329105e-006	3.09177955e-005	100	0.00541745	0	0	3
86	299	0	2.15	293.200269	293.200268	293.200268	293.200269	1.61126752e-006	3.09177955e-005	100	0.00538666	0	0	3
87	300	0	2.175	293.200269	293.200268	293.200268	293.200269	1.32902056e-006	3.09177955e-005	100	0.00541667	0	0	3
88	302	0	2.2	293.20027	293.200268	293.200268	293.20027	1.08459864e-006	3.09177955e-005	100	0.00538596	0	0	3
89	305	0	2.225	293.20027	293.200268	293.200268	293.20027	9.16582508e-007	3.09177955e-005	100	0.00541291	0	0	3
90	306	0	2.25	293.20027	293.200268	293.200268	293.20027	8.52575624e-007	3.09177955e-005	100	0.00539614	0	0	3
91	308	0	2.275	293.20027	293.200269	293.200268	293.20027	8.7237288e-007	3.09177955e-005	100	0.0054218	0	0	3
92	312	0	2.3	293.200271	293.200269	293.200268	293.200271	9.30163083e-007	3.09177955e-005	100	0.0053952	0	0	3
93	314	0	2.325	293.200271	293.200269	293.200268	293.200271	1.03278717e-006	3.09177955e-005	100	0.00542902	0	0	3
94	317	0	2.35	293.200271	293.200269	293.200268	293.200271	1.17449815e-006	3.09177955e-005	100	0.00540258	0	0	3
95	319	0	2.375	293.200271	293.200269	293.200268	293.200271	1.32227404e-006	3.09177955e-005	100	0.00542939	0	0	3
96	322	0	2.4	293.200271	293.200269	293.200268	293.200271	1.47754571e-006	3.09177955e-005	100	0.00540939	0	0	3
97	322	0	2.425	293.200271	293.200269	293.200268	293.200271	1.60845224e-006	3.09177955e-005	100	0.005436	0	0	3
98	323	0	2.45	293.200271	293.20027	293.200268	293.200271	1.68595386e-006	3.09177955e-005	100	0.00541154	0	0	3
99	326	0	2.475	293.200271	293.20027	293.200268	293.200271	1.7513035e-006	3.09177955e-005	100	0.00541675	0	0	3
100	328	0	2.5	293.200271	293.20027	293.200268	293.200271	1.82212318e-006	3.09177955e-005	100	0.00541313	0	0	3
101	331	0	2.525	293.200271	293.20027	293.200268	293.200271	1.92871431e-006	3.09177955e-005	100	0.00541422	0	0	3
102	333	0	2.55	293.200272	293.20027	293.200268	293.200272	2.04623746e-006	3.09177955e-005	100	0.00539986	0	0	3
103	334	0	2.575	293.200271	293.20027	293.200268	293.200272	2.19303973e-006	3.09177955e-005	100	0.0054175	0	0	3
104	336	0	2.6	293.200271	293.20027	293.200269	293.200272	2.30845802e-006	3.09177955e-005	100	0.00538765	0	0	3
105	339	0	2.625	293.200271	293.200271	293.200269	293.200272	2.37689937e-006	3.09177955e-005	100	0.00542044	0	0	3
106	341	0	2.65	293.200271	293.200271	293.200269	293.200272	2.44463871e-006	3.09177955e-005	100	0.0053886	0	0	3
107	342	0	2.675	293.200272	293.200271	293.200269	293.200272	2.56512402e-006	3.09177955e-005	100	0.00541672	0	0	3
108	344	0	2.7	293.200273	293.200271	293.20027	293.200273	2.70866326e-006	3.09177955e-005	100	0.00539725	0	0	3
109	345	0	2.725	293.200274	293.200271	293.20027	293.200274	2.83084933e-006	3.09177955e-005	100	0.0054273	0	0	3
110	347	0	2.75	293.200273	293.200271	293.20027	293.200274	2.89417221e-006	3.09177955e-005	100	0.00540048	0	0	3
111	349	0	2.775	293.200272	293.200271	293.20027	293.200274	2.85786064e-006	3.09177955e-005	100	0.00542791	0	0	3
112	352	0	2.8	293.200271	293.200271	293.200271	293.200274	2.76166094e-006	3.09177955e-005	100	0.00540987	0	0	3
113	352	0	2.825	293.200272	293.200271	293.200271	293.200274	2.68219333e-006	3.09177955e-005	100	0.00543602	0	0	3
114	354	0	2.85	293.200272	293.200272	293.200271	293.200274	2.59376043e-006	3.09177955e-005	100	0.00540513	0	0	3
115	357	0	2.875	293.200272	293.200272	293.200271	293.200274	2.50240947e-006	3.09177955e-005	100	0.00544138	0	0	3
116	358	0	2.9	293.200273	293.200272	293.200271	293.200274	2.42098906e-006	3.09177955e-005	100	0.00541154	0	0	3
117	360	0	2.925	293.200274	293.200272	293.200271	293.200274	2.39421314e-006	3.09177955e-005	100	0.00543922	0	0	3
118	363	0	2.95	293.200274	293.200272	293.200271	293.200274	2.4073737e-006	3.09177955e-005	100	0.00541521	0	0	3
119	364	0	2.975	293.200273	293.200272	293.200271	293.200274	2.41859669e-006	3.09177955e-005	100	0.00543614	0	0	3
120	367	0	3	293.200273	293.200272	293.200271	293.200274	2.38266654e-006	3.09177955e-005	100	0.00540749	0	0	3
121	368	0	3.025	293.200272	293.200272	293.200271	293.200274	2.29264657e-006	3.09177955e-005	100	0.0054298	0	0	3
122	370	0	3.05	293.200273	293.200272	293.200271	293.200274	2.21003529e-006	3.09177955e-005	100	0.0053921	0	0	3
123	372	0	3.075	293.200274	293.200272	293.200271	293.200274	2.16440532e-006	3.09177955e-005	100	0.00542595	0	0	3
124	373	0	3.1	293.200274	293.200273	293.200271	293.200274	2.13420003e-006	3.09177955e-005	100	0.00539269	0	0	3
125	374	0	3.125	293.200273	293.200273	293.200271	293.200274	2.15009754e-006	3.09177955e-005	100	0.00542481	0	0	3
126	375	0	3.15	293.200273	293.200273	293.200271	293.200274	2.14100476e-006	3.09177955e-005	100	0.00540189	0	0	3
127	378	0	3.175	293.200273	293.200273	293.200271	293.200274	2.07014472e-006	3.09177955e-005	100	0.0054362	0	0	3
128	380	0	3.2	293.200273	293.200273	293.200271	293.200274	1.90823744e-006	3.09177955e-005	100	0.00540548	0	0	3
129	381	0	3.225	293.200274	293.200273	293.200271	293.200274	1.75220822e-006	3.09177955e-005	100	0.0054352	0	0	3
130	383	0	3.25	293.200274	293.200273	293.200271	293.200274	1.64519651e-006	3.09177955e-005	100	0.00541167	0	0	3
131	386	0	3.275	293.200275	293.200273	293.200271	293.200275	1.68619846e-006	3.09177955e-005	100	0.00544176	0	0	3
132	388	0	3.3	293.200275	293.200273	293.200271	293.200275	1.84306811e-006	3.09177955e-005	100	0.00541425	0	0	3
133	390	0	3.325	293.200276	293.200273	293.200272	293.200276	2.01763572e-006	3.09177955e-005	100	0.00542717	0	0	3
134	390	0	3.35	293.200276	293.200274	293.200272	293.200276	2.14800042e-006	3.09177955e-005	100	0.00542243	0	0	3
135	392	0	3.375	293.200276	293.200274	293.200272	293.200276	2.2935082e-006	3.09177955e-005	100	0.00543192	0	0	3
136	394	0	3.4	293.200276	293.200274	293.200272	293.200276	2.39084972e-006	3.09177955e-005	100	0.00541801	0	0	3
137	397	0	3.425	293.200277	293.200274	293.200272	293.200277	2.45577422e-006	3.09177955e-005	100	0.00543985	0	0	3
138	399	0	3.45	293.200277	293.200274	293.200272	293.200277	2.45748697e-006	3.09177955e-005	100	0.00539628	0	0	3
139	400	0	3.475	293.200277	293.200275	293.200272	293.200277	2.45116524e-006	3.09177955e-005	100	0.0054307	0	0	3
140	402	0	3.5	293.200278	293.200275	293.200272	293.200278	2.56811319e-006	3.09177955e-005	100	0.00539919	0	0	3
141	405	0	3.525	293.200277	293.200275	293.200272	293.200278	2.71719023e-006	3.09177955e-005	100	0.00542885	0	0	3
142	407	0	3.55	293.200277	293.200275	293.200273	293.200278	2.86236838e-006	3.09177955e-005	100	0.00539651	0	0	3
143	409	0	3.575	293.200278	293.200275	293.200273	293.200278	2.98316115e-006	3.09177955e-005	100	0.00542965	0	0	3
144	410	0	3.6	293.200279	293.200276	293.200273	293.200279	3.08897972e-006	3.09177955e-005	100	0.00540337	0	0	3
145	412	0	3.625	293.200279	293.200276	293.200273	293.200279	3.20878098e-006	3.09177955e-005	100	0.00542417	0	0	3
146	413	0	3.65	293.20028	293.200276	293.200273	293.20028	3.40543625e-006	3.09177955e-005	100	0.00542008	0	0	3
147	415	0	3.675	293.200279	293.200276	293.200273	293.20028	3.65282227e-006	3.09177955e-005	100	0.00543	0	0	3
148	417	0	3.7	293.200281	293.200277	293.200273	293.200281	3.99607222e-006	3.09177955e-005	100	0.00541942	0	0	3
149	419	0	3.725	293.200281	293.200277	293.200274	293.200281	4.31649363e-006	3.09177955e-005	100	0.00544399	0	0	3
150	421	0	3.75	293.200282	293.200278	293.200274	293.200282	4.63105476e-006	3.09177955e-005	100	0.00541094	0	0	3
151	422	0	3.775	293.200281	293.200278	293.200275	293.200282	4.84420059e-006	3.09177955e-005	100	0.0054476	0	0	3
152	424	0	3.8	293.200282	293.200278	293.200275	293.200282	4.96458415e-006	3.09177955e-005	100	0.0054164	0	0	3
153	426	0	3.825	293.200281	293.200278	293.200276	293.200282	4.99351739e-006	3.09177955e-005	100	0.00544741	0	0	3
154	427	0	3.85	293.200281	293.200279	293.200276	293.200282	5.04034091e-006	3.09177955e-005	100	0.00542105	0	0	3
155	428	0	3.875	293.200281	293.200279	293.200276	293.200282	5.0560601e-006	3.09177955e-005	100	0.00545274	0	0	3
156	430	0	3.9	293.200281	293.200279	293.200276	293.200282	5.0960287e-006	3.09177955e-005	100	0.00541765	0	0	3
157	432	0	3.925	293.200281	293.200279	293.200277	293.200282	4.99636008e-006	3.09177955e-005	100	0.00544036	0	0	3
158	433	0	3.95	293.200282	293.20028	293.200277	293.200282	5.12425839e-006	3.09177955e-005	100	0.0054152	0	0	3
159	433	0	3.975	293.200282	293.20028	293.200277	293.200282	5.27841632e-006	3.09177955e-005	100	0.00544635	0	0	3
160	433	0	4	293.200283	293.20028	293.200277	293.200283	5.44057002e-006	3.09177955e-005	100	0.00540307	0	0	3
