56	234	0	1.4	3.29563226	0.156934869	0	3.29563226	0.156934869	0	0	3.29563	0	0	3
57	237	0	1.425	3.30105509	0.314127969	0	3.30105509	0.314127969	0	0	3.30106	0	0	3
58	240	0	1.45	3.29844566	0.47119681	0	3.30105509	0.47119681	0	0	3.29845	0	0	3
59	243	0	1.475	3.30580389	0.628616042	0	3.30580389	0.628616042	0	0	3.3058	0	0	3
60	245	0	1.5	3.29733817	0.785632146	0	3.30580389	0.785632146	0	0	3.29734	0	0	3
61	246	0	1.525	3.30469818	0.942998725	0	3.30580389	0.942998725	0	0	3.3047	0	0	3
62	247	0	1.55	3.29959498	1.1001223	0	3.30580389	1.1001223	0	0	3.29959	0	0	3
63	249	0	1.575	3.30704119	1.25760045	0	3.30704119	1.25760045	0	0	3.30704	0	0	3
64	250	0	1.6	3.30028138	1.4147567	0	3.30704119	1.4147567	0	0	3.30028	0	0	3
65	253	0	1.625	3.30694961	1.5722305	0	3.30704119	1.5722305	0	0	3.30695	0	0	3
66	255	0	1.65	3.29795178	1.72927582	0	3.30704119	1.72927582	0	0	3.29795	0	0	3
67	257	0	1.675	3.30605892	1.8867072	0	3.30704119	1.8867072	0	0	3.30606	0	0	3
68	260	0	1.7	3.29682233	2.04369873	0	3.30704119	2.04369873	0	0	3.29682	0	0	3
69	264	0	1.725	3.30289812	2.2009796	0	3.30704119	2.2009796	0	0	3.3029	0	0	3
70	265	0	1.75	3.29461764	2.35786615	0	3.30704119	2.35786615	0	0	3.29462	0	0	3
71	267	0	1.775	3.30099242	2.51505627	0	3.30704119	2.51505627	0	0	3.30099	0	0	3
72	268	0	1.8	3.29486574	2.67195464	0	3.30704119	2.67195464	0	0	3.29487	0	0	3
73	270	0	1.825	3.3018765	2.82918685	0	3.30704119	2.82918685	0	0	3.30188	0	0	3
74	274	0	1.85	3.29954285	2.98630794	0	3.30704119	2.98630794	0	0	3.29954	0	0	3
75	277	0	1.875	3.30724268	3.14379568	0	3.30724268	3.14379568	0	0	3.30724	0	0	3
76	280	0	1.9	3.29834233	3.3008596	3.29461764	3.30724268	0.0126250418	0	0	3.29834	0	0	3
77	284	0	1.925	3.30620243	3.30136295	3.29461764	3.30724268	0.0126250418	0	0	3.3062	0	0	3
78	285	0	1.95	3.30083307	3.30135237	3.29461764	3.30724268	0.0126250418	0	0	3.30083	0	0	3
79	287	0	1.975	3.30887366	3.30184895	3.29461764	3.30887366	0.0142560254	0	0	3.30887	0	0	3
80	289	0	2	3.3016377	3.30165056	3.29461764	3.30887366	0.0142560254	0	0	3.30164	0	0	3
81	292	0	2.025	3.30901439	3.30220657	3.29461764	3.30901439	0.0143967493	0	0	3.30901	0	0	3
82	294	0	2.05	3.29885555	3.30192835	3.29461764	3.30901439	0.0143967493	0	0	3.29886	0	0	3
83	297	0	2.075	3.30597467	3.30223214	3.29461764	3.30901439	0.0143967493	0	0	3.30597	0	0	3
84	298	0	2.1	3.29874358	3.30183702	3.29461764	3.30901439	0.0143967493	0	0	3.29874	0	0	3
85	298	0	2.125	3.30518991	3.30207076	3.29461764	3.30901439	0.0143967493	0	0	3.30519	0	0	3
86	299	0	2.15	3.29566069	3.30153319	3.29461764	3.30901439	0.0143967493	0	0	3.29566	0	0	3
87	300	0	2.175	3.304809	3.30185972	3.29461764	3.30901439	0.0143967493	0	0	3.30481	0	0	3
88	302	0	2.2	3.29542826	3.3013535	3.29461764	3.30901439	0.0143967493	0	0	3.29543	0	0	3
89	305	0	2.225	3.3035934	3.30167593	3.29461764	3.30901439	0.0143967493	0	0	3.30359	0	0	3
90	306	0	2.25	3.29859432	3.30147099	3.29461764	3.30901439	0.0143967493	0	0	3.29859	0	0	3
91	308	0	2.275	3.30659947	3.30204155	3.29486574	3.30901439	0.0141486466	0	0	3.3066	0	0	3
92	312	0	2.3	3.29846075	3.301921	3.29486574	3.30901439	0.0141486466	0	0	3.29846	0	0	3
93	314	0	2.325	3.30859706	3.30257487	3.29542826	3.30901439	0.0135861255	0	0	3.3086	0	0	3
94	317	0	2.35	3.30056143	3.30251225	3.29542826	3.30901439	0.0135861255	0	0	3.30056	0	0	3
95	319	0	2.375	3.30867762	3.30294724	3.29542826	3.30901439	0.0135861255	0	0	3.30868	0	0	3
96	322	0	2.4	3.30251551	3.30272213	3.29542826	3.30901439	0.00208763179	0	0	3.30252	0	0	3
97	322	0	2.425	3.31062061	3.30330681	3.29542826	3.31062061	0.00195443923	0	0	3.31062	0	0	3
98	323	0	2.45	3.3032746	3.30316739	3.29542826	3.31062061	0.00195443923	0	0	3.30327	0	0	3
99	326	0	2.475	3.30514498	3.30337272	3.29542826	3.31062061	0.00201922049	0	0	3.30514	0	0	3
100	328	0	2.5	3.30401768	3.30314148	3.29542826	3.31062061	0.00201922049	0	0	3.30402	0	0	3
101	331	0	2.525	3.30421126	3.30326403	3.29542826	3.31062061	0.00201922049	0	0	3.30421	0	0	3
102	333	0	2.55	3.29970443	3.3028207	3.29542826	3.31062061	0.00201922049	0	0	3.2997	0	0	3
103	334	0	2.575	3.3050444	3.30311541	3.29542826	3.31062061	0.00201922049	0	0	3.30504	0	0	3
104	336	0	2.6	3.29588531	3.30263497	3.29542826	3.31062061	0.00201922049	0	0	3.29589	0	0	3
105	339	0	2.625	3.30579498	3.30297075	3.29542826	3.31062061	0.00201922049	0	0	3.30579	0	0	3
106	341	0	2.65	3.29619847	3.30254258	3.29542826	3.31062061	0.00201922049	0	0	3.2962	0	0	3
107	342	0	2.675	3.30479872	3.30297773	3.29542826	3.31062061	0.00201922049	0	0	3.3048	0	0	3
108	344	0	2.7	3.29886248	3.30269456	3.29542826	3.31062061	0.00201922049	0	0	3.29886	0	0	3
109	345	0	2.725	3.30827716	3.30330641	3.29588531	3.31062061	0.00190173164	0	0	3.30828	0	0	3
110	347	0	2.75	3.30027901	3.30314858	3.29588531	3.31062061	0.00190173164	0	0	3.30028	0	0	3
111	349	0	2.775	3.3086	3.30362504	3.29588531	3.31062061	0.00170404599	0	0	3.3086	0	0	3
112	352	0	2.8	3.30326243	3.30346614	3.29588531	3.31062061	0.00170404599	0	0	3.30326	0	0	3
113	352	0	2.825	3.31141184	3.30408286	3.29588531	3.31141184	0.00157060778	0	0	3.31141	0	0	3
114	354	0	2.85	3.30182199	3.30376023	3.29588531	3.31141184	0.00157060778	0	0	3.30182	0	0	3
115	357	0	2.875	3.31255472	3.30433134	3.29588531	3.31255472	0.00178876048	0	0	3.31255	0	0	3
116	358	0	2.9	3.30328508	3.30407455	3.29588531	3.31255472	0.00178876048	0	0	3.30329	0	0	3
117	360	0	2.925	3.31165951	3.30450998	3.29588531	3.31255472	0.0019674013	0	0	3.31166	0	0	3
118	363	0	2.95	3.3042643	3.3042073	3.29588531	3.31255472	0.0019674013	0	0	3.30426	0	0	3
119	364	0	2.975	3.3105252	3.30455257	3.29588531	3.31255472	0.00200998692	0	0	3.31053	0	0	3
120	367	0	3	3.30203704	3.30440457	3.29588531	3.31255472	0.00200998692	0	0	3.30204	0	0	3
121	368	0	3.025	3.30908864	3.30464605	3.29588531	3.31255472	0.00210346404	0	0	3.30909	0	0	3
122	370	0	3.05	3.29770296	3.30433613	3.29588531	3.31255472	0.00210346404	0	0	3.2977	0	0	3
123	372	0	3.075	3.30786731	3.30472484	3.29588531	3.31255472	0.00218225377	0	0	3.30787	0	0	3
124	373	0	3.1	3.29761817	3.30437121	3.29588531	3.31255472	0.00218225377	0	0	3.29762	0	0	3
125	374	0	3.125	3.30736471	3.30491784	3.29619847	3.31255472	0.00237526137	0	0	3.30736	0	0	3
126	375	0	3.15	3.3002892	3.30465566	3.29619847	3.31255472	0.00237526137	0	0	3.30029	0	0	3
127	378	0	3.175	3.31077522	3.30534979	3.29761817	3.31255472	0.00265523587	0	0	3.31078	0	0	3
128	380	0	3.2	3.30149036	3.30519225	3.29761817	3.31255472	0.00265523587	0	0	3.30149	0	0	3
129	381	0	3.225	3.31062567	3.30575241	3.29761817	3.31255472	0.00260382284	0	0	3.31063	0	0	3
130	383	0	3.25	3.30345791	3.30552292	3.29761817	3.31255472	0.00260382284	0	0	3.30346	0	0	3
131	386	0	3.275	3.3128402	3.30612107	3.29761817	3.3128402	0.00265493269	0	0	3.31284	0	0	3
132	388	0	3.3	3.30470227	3.30593546	3.29761817	3.3128402	0.00265493269	0	0	3.3047	0	0	3
133	390	0	3.325	3.30862735	3.30619094	3.29761817	3.3128402	0.0024307026	0	0	3.30863	0	0	3
134	390	0	3.35	3.30694943	3.30597844	3.29761817	3.3128402	0.0024307026	0	0	3.30695	0	0	3
135	392	0	3.375	3.30979116	3.30635792	3.29761817	3.3128402	0.00228336956	0	0	3.30979	0	0	3
136	394	0	3.4	3.30542576	3.30601845	3.29761817	3.3128402	0.00228336956	0	0	3.30543	0	0	3
137	397	0	3.425	3.3118349	3.30642558	3.29761817	3.3128402	0.00221828175	0	0	3.31183	0	0	3
138	399	0	3.45	3.29857054	3.3058023	3.29761817	3.3128402	0.00221828175	0	0	3.29857	0	0	3
139	400	0	3.475	3.30894531	3.3060252	3.29761817	3.3128402	0.00208945659	0	0	3.30895	0	0	3
140	402	0	3.5	3.29943557	3.30549713	3.29761817	3.3128402	0.00208945659	0	0	3.29944	0	0	3
141	405	0	3.525	3.30844971	3.30580249	3.29761817	3.3128402	0.00208945659	0	0	3.30845	0	0	3
142	407	0	3.55	3.29859902	3.30530299	3.29761817	3.3128402	0.00208945659	0	0	3.2986	0	0	3
143	409	0	3.575	3.30876635	3.30582982	3.29761817	3.3128402	0.00205437842	0	0	3.30877	0	0	3
144	410	0	3.6	3.30092567	3.30549926	3.29761817	3.3128402	0.00205437842	0	0	3.30093	0	0	3
145	412	0	3.625	3.30758227	3.30597374	3.29857054	3.3128402	0.00176992051	0	0	3.30758	0	0	3
146	413	0	3.65	3.30628126	3.30592215	3.29857054	3.3128402	0.00176992051	0	0	3.30628	0	0	3
147	415	0	3.675	3.30909704	3.30634157	3.29857054	3.3128402	0.00123333017	0	0	3.3091	0	0	3
148	417	0	3.7	3.30571701	3.3061007	3.29857054	3.3128402	0.00123333017	0	0	3.30572	0	0	3
149	419	0	3.725	3.31310427	3.30665375	3.29857054	3.31310427	0.00135075927	0	0	3.3131	0	0	3
150	421	0	3.75	3.30294482	3.30628799	3.29857054	3.31310427	0.00135075927	0	0	3.30294	0	0	3
151	422	0	3.775	3.31411728	3.30679558	3.29857054	3.31411728	0.00149259353	0	0	3.31412	0	0	3
152	424	0	3.8	3.30468916	3.30640744	3.29857054	3.31411728	0.00149259353	0	0	3.30469	0	0	3
153	426	0	3.825	3.31412465	3.30685612	3.29857054	3.31412465	0.0015531339	0	0	3.31412	0	0	3
154	427	0	3.85	3.30621402	3.3067412	3.29857054	3.31412465	0.0015531339	0	0	3.30621	0	0	3
155	428	0	3.875	3.31606921	3.30717548	3.29857054	3.31606921	0.00187248846	0	0	3.31607	0	0	3
156	430	0	3.9	3.30553633	3.30697286	3.29857054	3.31606921	0.00187248846	0	0	3.30554	0	0	3
157	432	0	3.925	3.31239506	3.30730474	3.29857054	3.31606921	0.00200174862	0	0	3.3124	0	0	3
158	433	0	3.95	3.3049131	3.30697513	3.29857054	3.31606921	0.00200174862	0	0	3.30491	0	0	3
159	433	0	3.975	3.31449924	3.30773364	3.29859902	3.31606921	0.00243064884	0	0	3.3145	0	0	3
160	433	0	4	3.30122001	3.30736576	3.29859902	3.31606921	0.00243064884	0	0	3.30122	0	0	3
