Iteration	CPUTime	PhysTime	Travels	Value	AvValue	MinValue	MaxValue	Delta	Criteria	Progress	dGMaxMin	CriteriaType	CriteriaVarType	CriteriaPercentage
1	1	0	0.025	2.7657484	2.7657484	2.7657484	2.7657484	0	0	0	4.12709	0	0	3
2	1	0	0.05	2.7629961	2.76437225	2.7629961	2.7657484	0.00137614717	0	0	4.04161	0	0	3
3	2	0	0.075	2.76198584	2.76357678	2.76198584	2.7657484	0.00217161727	0	0	3.93077	0	0	3
4	2	0	0.1	2.7608456	2.76289398	2.7608456	2.7657484	0.00285441175	0	0	4.22083	0	0	3
5	2	0	0.125	2.75980359	2.7622759	2.75980359	2.7657484	0.00347249163	0	0	4.5264	0	0	3
6	3	0	0.15	2.75762937	2.76150148	2.75762937	2.7657484	0.00424691396	0	0	4.86149	0	0	3
7	3	0	0.175	2.75495415	2.76056615	2.75495415	2.7657484	0.00518224678	0	0	4.99592	0	0	3
8	4	0	0.2	2.75201951	2.75949782	2.75201951	2.7657484	0.00625057617	0	0	4.976	0	0	3
9	4	0	0.225	2.74912331	2.7583451	2.74912331	2.7657484	0.00740329964	0	0	4.87383	0	0	3
10	4	0	0.25	2.74638963	2.75714955	2.74638963	2.7657484	0.00859884677	0	0	4.74337	0	0	3
11	5	0	0.275	2.74212894	2.75578404	2.74212894	2.7657484	0.00996435693	0	0	4.58986	0	0	3
12	5	0	0.3	2.7386461	2.75435588	2.7386461	2.7657484	0.0113925184	0	0	4.48121	0	0	3
13	5	0	0.325	2.73589477	2.75293579	2.73589477	2.7657484	0.0128126034	0	0	4.41407	0	0	3
14	6	0	0.35	2.73346153	2.75154477	2.73346153	2.7657484	0.0142036226	0	0	4.3766	0	0	3
15	6	0	0.375	2.73143759	2.7502043	2.73143759	2.7657484	0.0155441015	0	0	4.3621	0	0	3
16	7	0	0.4	2.72883624	2.74886879	2.72883624	2.7657484	0.0168796048	0	0	4.35918	0	0	3
17	7	0	0.425	2.72644771	2.7475499	2.72644771	2.7657484	0.0181984921	0	0	4.36655	0	0	3
18	7	0	0.45	2.72384484	2.74623296	2.72384484	2.7657484	0.01951544	0	0	4.37597	0	0	3
19	8	0	0.475	2.72101679	2.74490579	2.72101679	2.7657484	0.0208426066	0	0	4.38712	0	0	3
20	8	0	0.5	2.71776837	2.74354892	2.71776837	2.7657484	0.0221994777	0	0	4.39623	0	0	3
21	9	0	0.525	2.7115675	2.74083987	2.7115675	2.7629961	0.0235323755	0	0	4.40229	0	0	3
22	9	0	0.55	2.70370653	2.7378754	2.70370653	2.76198584	0.0257013841	0	0	4.40223	0	0	3
23	10	0	0.575	2.69443825	2.73449802	2.69443825	2.7608456	0.0283959691	0	0	4.39711	0	0	3
24	10	0	0.6	2.68412799	2.73066214	2.68412799	2.75980359	0.0316137698	0	0	4.38853	0	0	3
25	11	0	0.625	2.67323722	2.72633382	2.67323722	2.75762937	0.0351676657	0	0	4.37772	0	0	3
26	11	0	0.65	2.65708142	2.72130642	2.65708142	2.75495415	0.0392597305	0	0	4.36415	0	0	3
27	11	0	0.675	2.64239474	2.71567845	2.64239474	2.75201951	0.0438193717	0	0	4.35193	0	0	3
28	12	0	0.7	2.6285846	2.7095067	2.6285846	2.74912331	0.0488383941	0	0	4.33947	0	0	3
29	12	0	0.725	2.61568193	2.70283463	2.61568193	2.74638963	0.054314916	0	0	4.32623	0	0	3
30	13	0	0.75	2.60477354	2.69575383	2.60477354	2.74212894	0.0600302101	0	0	4.31249	0	0	3
31	13	0	0.775	2.5914359	2.68821918	2.5914359	2.7386461	0.0661367004	0	0	4.29678	0	0	3
32	14	0	0.8	2.58148838	2.68036129	2.58148838	2.73589477	0.0725745013	0	0	4.28346	0	0	3
33	14	0	0.825	2.57294872	2.67221399	2.57294872	2.73346153	0.0793307848	0	0	4.27181	0	0	3
34	14	0	0.85	2.56547826	2.66381483	2.56547826	2.73143759	0.086389469	0	0	4.26259	0	0	3
35	15	0	0.875	2.55944866	2.65521538	2.55944866	2.72883624	0.0936534121	0	0	4.25695	0	0	3
36	15	0	0.9	2.55230163	2.64638865	2.55230163	2.72644771	0.101161256	0	0	4.25441	0	0	3
37	16	0	0.925	2.54648595	2.63739056	2.54648595	2.72384484	0.108842396	0	0	4.25549	0	0	3
38	16	0	0.95	2.5428592	2.62834128	2.5428592	2.72101679	0.116564511	0	0	4.25757	0	0	3
39	17	0	0.975	2.54029046	2.61930496	2.54029046	2.71776837	0.124243957	0	0	4.26035	0	0	3
40	17	0	1	2.53890945	2.61036202	2.53890945	2.7115675	0.130477858	0.0334614588	25.6	4.26166	0	0	3
41	17	0	1.025	2.5386567	2.60171648	2.5386567	2.70370653	0.136158919	0.0334993703	24.6	4.2636	0	0	3
42	18	0	1.05	2.53671587	2.59336694	2.53671587	2.69443825	0.141131072	0.0336449325	23.8	4.26459	0	0	3
43	18	0	1.075	2.53783006	2.58553653	2.53671587	2.68412799	0.145125601	0.0336364414	23.1	4.2667	0	0	3
44	19	0	1.1	2.53769608	2.58325842	2.53671587	2.68412799	0.147403718	0.0335931202	22.7	4.26635	0	0	3
45	19	0	1.125	2.53853947	2.57632563	2.53671587	2.67323722	0.136521346	0.0335019011	24.5	4.26636	0	0	3
46	20	0	1.15	2.53925982	2.56994575	2.53671587	2.65708142	0.120365545	0.0334614588	27.7	4.26418	0	0	3
47	20	0	1.175	2.53986555	2.56436405	2.53671587	2.64239474	0.105678868	0.0334614588	31.6	4.26275	0	0	3
48	20	0	1.2	2.540054	2.55949068	2.53671587	2.6285846	0.0918687224	0.0334614588	36.4	4.26098	0	0	3
49	21	0	1.225	2.54051678	2.55529697	2.53671587	2.61568193	0.0789660546	0.0334614588	42.3	4.25997	0	0	3
50	21	0	1.25	2.54054182	2.55171887	2.53671587	2.60477354	0.0680576669	0.0334614588	49.1	4.25851	0	0	3
51	22	0	1.275	2.54070161	2.54866783	2.53671587	2.5914359	0.0547200288	0.0334614588	61.1	4.25707	0	0	3
52	22	0	1.3	2.54036592	2.54623592	2.53671587	2.58148838	0.0447725095	0.0334614588	74.7	4.25515	0	0	3
53	23	0	1.325	2.54046474	2.54428242	2.53671587	2.57294872	0.0362328454	0.0334614588	92.3	4.25362	0	0	3
54	23	0	1.35	2.54038814	2.54273191	2.53671587	2.56547826	0.0287623889	0.0334614588	100	4.25162	0	0	3
