Iteration	CPUTime	PhysTime	Travels	Value	AvValue	MinValue	MaxValue	Delta	Criteria	Progress	dGMaxMin	CriteriaType	CriteriaVarType	CriteriaPercentage
1	9	0	0.0218577417	0	0	0	0	0	0	0	0	0	0	3
2	15	0	0.0437154833	0	0	0	0	0	0	0	0	0	0	3
3	21	0	0.065573225	0	0	0	0	0	0	0	0	0	0	3
4	27	0	0.0874309667	0	0	0	0	0	0	0	0	0	0	3
5	33	0	0.109288708	0	0	0	0	0	0	0	0	0	0	3
6	39	0	0.13114645	-0.00438913753	-0.000731522922	-0.00438913753	0	0.000731522922	0	0	0	0	0	3
7	45	0	0.153004192	-0.637228174	-0.091659616	-0.637228174	0	0.091659616	0	0	0	0	0	3
8	51	0	0.174861933	-0.975507095	-0.202140551	-0.975507095	0	0.202140551	0	0	0	0	0	3
9	57	0	0.196719675	-0.99944522	-0.290729958	-0.99944522	0	0.290729958	0	0	0	0	0	3
10	62	0	0.218577417	-0.787617574	-0.34041872	-0.99944522	0	0.34041872	0	0	0	0	0	3
11	68	0	0.240435158	-0.640720454	-0.367718878	-0.99944522	0	0.367718878	0	0	0	0	0	3
12	74	0	0.2622929	-0.626379275	-0.389273911	-0.99944522	0	0.389273911	0	0	0	0	0	3
13	80	0	0.284150642	-0.731886816	-0.41562875	-0.99944522	0	0.41562875	0	0	0	0	0	3
14	86	0	0.306008383	-0.910315721	-0.450963533	-0.99944522	0	0.450963533	0	0	0	0	0	3
15	92	0	0.327866125	-0.966424295	-0.485327584	-0.99944522	0	0.485327584	0	0	0	0	0	3
16	97	0	0.349723867	-1.08442974	-0.522771469	-1.08442974	0	0.522771469	0	0	0	0	0	3
17	103	0	0.371581608	-1.15538005	-0.559983738	-1.15538005	0	0.559983738	0	0	0	0	0	3
18	109	0	0.39343935	-1.21676049	-0.596471335	-1.21676049	0	0.596471335	0	0	0	0	0	3
19	115	0	0.415297092	-1.20110423	-0.628294119	-1.21676049	0	0.628294119	0	0	0	0	0	3
20	121	0	0.437154833	-1.16804594	-0.65528171	-1.21676049	0	0.65528171	0	0	0	0	0	3
21	127	0	0.459012575	-1.21450949	-0.681911604	-1.21676049	0	0.681911604	0	0	0	0	0	3
22	133	0	0.480870317	-1.30838215	-0.710387538	-1.30838215	0	0.710387538	0	0	0	0	0	3
23	139	0	0.502728058	-1.30640605	-0.736301387	-1.30838215	0	0.736301387	0	0	0	0	0	3
24	145	0	0.5245858	-1.38878073	-0.796683157	-1.38878073	0	0.796683157	0	0	0	0	0	3
25	151	0	0.546443542	-1.50164283	-0.861971976	-1.50164283	0	0.861971976	0	0	0	0	0	3
26	157	0	0.568301283	-1.48964836	-0.926739296	-1.50164283	0	0.926739296	0	0	0	0	0	3
27	162	0	0.590159025	-1.46785369	-0.990559022	-1.50164283	0	0.990559022	0	0	0	0	0	3
28	169	0	0.612016767	-1.43223414	-1.05283007	-1.50164283	-0.00438913753	1.05209855	0	0	0	0	0	3
29	174	0	0.633874508	-1.3423977	-1.11100436	-1.50164283	-0.626379275	0.875263557	0	0	0	0	0	3
30	180	0	0.65573225	-1.22316011	-1.13647966	-1.50164283	-0.626379275	0.875263557	0	0	0	0	0	3
31	186	0	0.677589992	-1.10858411	-1.14226562	-1.50164283	-0.626379275	0.851535657	0	0	0	0	0	3
32	192	0	0.699447733	-0.933404563	-1.13939428	-1.50164283	-0.626379275	0.801846895	0	0	0	0	0	3
33	212	0	0.721305475	-0.854284153	-1.14229283	-1.50164283	-0.626379275	0.774573952	0	0	0	0	0	3
34	218	0	0.743163217	-0.755871915	-1.14729941	-1.50164283	-0.626379275	0.758025504	0	0	0	0	0	3
35	224	0	0.765020959	-0.684982213	-1.14984737	-1.50164283	-0.684982213	0.734218619	0	0	0	0	0	3
36	230	0	0.7868787	-0.689092879	-1.14798676	-1.50164283	-0.684982213	0.698883835	0	0	0	0	0	3
37	236	0	0.808736442	-0.880257636	-1.14667989	-1.50164283	-0.684982213	0.664519785	0	0	0	0	0	3
38	241	0	0.830594184	-0.796729759	-1.13930187	-1.50164283	-0.684982213	0.6270759	0	0	0	0	0	3
39	247	0	0.852451925	-0.620326352	-1.11912346	-1.50164283	-0.620326352	0.589863631	0	0	0	0	0	3
40	253	0	0.874309667	-0.546590696	-1.09265436	-1.50164283	-0.546590696	0.553376033	0	0	0	0	0	3
41	260	0	0.896167409	-0.458720641	-1.0596961	-1.50164283	-0.458720641	0.52155325	0	0	0	0	0	3
42	266	0	0.91802515	-0.478252463	-1.02826776	-1.50164283	-0.458720641	0.494565658	0	0	0	0	0	3
43	273	0	0.939882892	-0.458890206	-0.997434906	-1.50164283	-0.458720641	0.467935764	0	0	0	0	0	3
44	279	0	0.961740634	-0.527023945	-0.96754423	-1.50164283	-0.458720641	0.43945983	0	0	0	0	0	3
45	285	0	0.983598375	-0.526237702	-0.93353795	-1.50164283	-0.458720641	0.413545982	0	0	0	0	0	3
46	292	0	1.00545612	-0.541364683	-0.900275282	-1.50164283	-0.458720641	0.353164211	0.0996490183	28.2	0	0	0	3
47	299	0	1.02731386	-0.515159397	-0.862291746	-1.50164283	-0.458720641	0.287875392	0.0996490183	34.6	0	0	0	3
48	305	0	1.0491716	-0.535274968	-0.820275751	-1.48964836	-0.458720641	0.329571617	0.0996490183	30.2	0	0	0	3
49	311	0	1.07102934	-0.500616472	-0.777274365	-1.46785369	-0.458720641	0.372573004	0.0996490183	26.7	0	0	0	3
50	317	0	1.09288708	-0.521062796	-0.736109543	-1.43223414	-0.458720641	0.413737825	0.0996490183	24	0	0	0	3
51	323	0	1.11474483	-0.50206826	-0.695667549	-1.3423977	-0.458720641	0.45417982	0.0996490183	21.9	0	0	0	3
52	328	0	1.13660257	-0.519842067	-0.65990426	-1.22316011	-0.458720641	0.489943108	0.0996490183	20.3	0	0	0	3
53	334	0	1.15846031	-0.516599056	-0.629184215	-1.10858411	-0.458720641	0.520663154	0.0996490183	19.1	0	0	0	3
54	341	0	1.18031805	-0.517051521	-0.603465406	-0.933404563	-0.458720641	0.474683922	0.0996490183	20.9	0	0	0	3
55	347	0	1.20217579	-0.506690055	-0.584912602	-0.880257636	-0.458720641	0.421536994	0.0996490183	23.6	0	0	0	3
56	353	0	1.22403353	-0.525241117	-0.570606383	-0.880257636	-0.458720641	0.421536994	0.0996490183	23.6	0	0	0	3
57	359	0	1.24589128	-0.50465529	-0.559683921	-0.880257636	-0.458720641	0.421536994	0.0996490183	23.6	0	0	0	3
58	364	0	1.26774902	-0.521012542	-0.552554805	-0.880257636	-0.458720641	0.421536994	0.0996490183	23.6	0	0	0	3
59	371	0	1.28960676	-0.502854171	-0.544457469	-0.880257636	-0.458720641	0.421536994	0.0996490183	23.6	0	0	0	3
60	377	0	1.3114645	-0.521580392	-0.528862807	-0.796729759	-0.458720641	0.338009118	0.0996490183	29.4	0	0	0	3
61	382	0	1.33332224	-0.500295004	-0.515974339	-0.620326352	-0.458720641	0.161605711	0.0996490183	61.6	0	0	0	3
62	388	0	1.35517998	-0.519396489	-0.511586084	-0.546590696	-0.458720641	0.0878700552	0.0996490183	100	0	0	0	3
63	395	0	1.37703773	-0.497911741	-0.509469608	-0.541364683	-0.458720641	0.0826440422	0.0996490183	100	0	0	0	3
64	401	0	1.39889547	-0.516992907	-0.512003185	-0.541364683	-0.458890206	0.0824744772	0.0996490183	100	0	0	0	3
